 0; 	  45.0015; 	    325; 	  0.2; 	"";
 1; 	  45.9961; 	   1976; 	  1.5; 	"";
 2; 	  61.9913; 	 111802; 	 83.2; 	"61.99";
 3; 	  62.9886; 	    624; 	  0.5; 	"";
 4; 	  63.9961; 	    564; 	  0.4; 	"";
 5; 	  86.0094; 	    700; 	  0.5; 	"";
 6; 	  87.0068; 	   2552; 	  1.9; 	"";
 7; 	  89.0254; 	    270; 	  0.2; 	"";
 8; 	  95.0172; 	    357; 	  0.3; 	"";
 9; 	 112.9856; 	   1226; 	  0.9; 	"";
10; 	 119.0381; 	    456; 	  0.3; 	"";
11; 	 123.0099; 	   1254; 	  0.9; 	"";
12; 	 124.9871; 	  80093; 	 59.6; 	"124.99";
13; 	 125.9881; 	    530; 	  0.4; 	"";
14; 	 126.9916; 	    847; 	  0.6; 	"";
15; 	 130.9953; 	   1503; 	  1.1; 	"";
16; 	 137.0155; 	   1423; 	  1.1; 	"";
17; 	 138.0231; 	   2498; 	  1.9; 	"";
18; 	 139.0236; 	    255; 	  0.2; 	"";
19; 	 146.9690; 	   1257; 	  0.9; 	"";
20; 	 148.9562; 	   1162; 	  0.9; 	"";
21; 	 151.0013; 	   2211; 	  1.6; 	"";
22; 	 152.0013; 	    359; 	  0.3; 	"";
23; 	 153.0095; 	   3836; 	  2.9; 	"";
24; 	 154.0167; 	    885; 	  0.7; 	"";
25; 	 162.0335; 	   1011; 	  0.8; 	"";
26; 	 166.0221; 	    295; 	  0.2; 	"";
27; 	 182.0238; 	   1337; 	  1.0; 	"";
28; 	 183.0074; 	   7199; 	  5.4; 	"";
29; 	 184.0123; 	    663; 	  0.5; 	"";
30; 	 201.0189; 	   4544; 	  3.4; 	"";
31; 	 202.0240; 	    444; 	  0.3; 	"";
32; 	 202.9704; 	    515; 	  0.4; 	"";
33; 	 206.0137; 	    252; 	  0.2; 	"";
34; 	 209.0267; 	    207; 	  0.2; 	"";
35; 	 209.9527; 	    738; 	  0.5; 	"";
36; 	 222.8821; 	    266; 	  0.2; 	"";
37; 	 225.9279; 	   1293; 	  1.0; 	"";
38; 	 227.9857; 	    259; 	  0.2; 	"";
39; 	 229.9908; 	   1074; 	  0.8; 	"";
40; 	 230.9933; 	    265; 	  0.2; 	"";
41; 	 234.0010; 	    832; 	  0.6; 	"";
42; 	 234.7348; 	    214; 	  0.2; 	"";
43; 	 245.9887; 	   1161; 	  0.9; 	"";
44; 	 249.8951; 	    593; 	  0.4; 	"";
45; 	 251.8952; 	    318; 	  0.2; 	"";
46; 	 253.8872; 	    336; 	  0.2; 	"";
47; 	 257.0069; 	   1563; 	  1.2; 	"";
48; 	 258.0167; 	    731; 	  0.5; 	"";
49; 	 259.0404; 	   1638; 	  1.2; 	"";
50; 	 260.0405; 	    201; 	  0.1; 	"";
51; 	 263.0458; 	    218; 	  0.2; 	"";
52; 	 263.9976; 	   1749; 	  1.3; 	"";
53; 	 264.9982; 	    255; 	  0.2; 	"";
54; 	 274.0100; 	   3578; 	  2.7; 	"";
55; 	 275.0136; 	    332; 	  0.2; 	"";
56; 	 284.0002; 	   1077; 	  0.8; 	"";
57; 	 286.0622; 	 104862; 	 78.0; 	"286.06";
58; 	 286.9075; 	  15307; 	 11.4; 	"286.91";
59; 	 287.2852; 	    311; 	  0.2; 	"";
60; 	 288.0680; 	   1821; 	  1.4; 	"";
61; 	 289.0660; 	    213; 	  0.2; 	"";
62; 	 290.0598; 	    218; 	  0.2; 	"";
63; 	 303.0423; 	    833; 	  0.6; 	"";
64; 	 304.0079; 	   6441; 	  4.8; 	"";
65; 	 305.0131; 	    845; 	  0.6; 	"";
66; 	 319.0372; 	   1825; 	  1.4; 	"";
67; 	 320.0358; 	    252; 	  0.2; 	"";
68; 	 321.0465; 	    749; 	  0.6; 	"";
69; 	 322.0441; 	    573; 	  0.4; 	"";
70; 	 333.9806; 	    491; 	  0.4; 	"";
71; 	 335.0292; 	    368; 	  0.3; 	"";
72; 	 337.0451; 	    656; 	  0.5; 	"";
73; 	 349.0523; 	  20186; 	 15.0; 	"349.05";
74; 	 350.0551; 	   2873; 	  2.1; 	"";
75; 	 351.0525; 	    556; 	  0.4; 	"";
76; 	 355.2288; 	    306; 	  0.2; 	"";
77; 	 380.0487; 	    283; 	  0.2; 	"";
78; 	 382.0313; 	    282; 	  0.2; 	"";
79; 	 395.0107; 	  34013; 	 25.3; 	"395.01";
80; 	 396.0136; 	   3964; 	  2.9; 	"";
81; 	 397.0104; 	    663; 	  0.5; 	"";
82; 	 400.0435; 	    369; 	  0.3; 	"";
83; 	 401.1916; 	    241; 	  0.2; 	"";
84; 	 404.1156; 	    287; 	  0.2; 	"";
85; 	 425.0392; 	    317; 	  0.2; 	"";
86; 	 458.0125; 	    422; 	  0.3; 	"";
87; 	 464.1953; 	    220; 	  0.2; 	"";
88; 	 470.0403; 	    232; 	  0.2; 	"";
89; 	 516.0292; 	    280; 	  0.2; 	"";
90; 	 521.2163; 	    326; 	  0.2; 	"";
91; 	 537.2533; 	    231; 	  0.2; 	"";
92; 	 555.2365; 	    351; 	  0.3; 	"";
93; 	 558.9531; 	    357; 	  0.3; 	"";
94; 	 573.1231; 	    497; 	  0.4; 	"";
95; 	 603.2255; 	    211; 	  0.2; 	"";
96; 	 607.0309; 	   6946; 	  5.2; 	"";
97; 	 608.0292; 	   1702; 	  1.3; 	"";
98; 	 609.0324; 	    421; 	  0.3; 	"";
99; 	 636.1286; 	    792; 	  0.6; 	"";
100; 	 637.1282; 	    292; 	  0.2; 	"";
101; 	 682.0681; 	    226; 	  0.2; 	"";
102; 	 701.0095; 	    949; 	  0.7; 	"";
103; 	 702.0034; 	    324; 	  0.2; 	"";
104; 	 703.0119; 	    338; 	  0.3; 	"";
105; 	 728.0288; 	 134399; 	100.0; 	"728.03";
106; 	 729.0312; 	  29864; 	 22.2; 	"729.03";
107; 	 730.0319; 	   6298; 	  4.7; 	"";
108; 	 731.0380; 	    808; 	  0.6; 	"";
109; 	 732.0494; 	    263; 	  0.2; 	"";
110; 	 733.1258; 	    209; 	  0.2; 	"";
111; 	 770.9639; 	    328; 	  0.2; 	"";
112; 	 805.9892; 	   9605; 	  7.1; 	"";
113; 	 806.9933; 	   1791; 	  1.3; 	"";
114; 	 807.9976; 	    396; 	  0.3; 	"";
115; 	 809.6075; 	    300; 	  0.2; 	"";
116; 	 819.0461; 	   1821; 	  1.4; 	"";
117; 	 820.0397; 	    491; 	  0.4; 	"";
118; 	 849.0402; 	    341; 	  0.3; 	"";
119; 	 891.9711; 	    479; 	  0.4; 	"";
120; 	 940.0468; 	   9422; 	  7.0; 	"";
121; 	 941.0467; 	   2787; 	  2.1; 	"";
122; 	 942.0547; 	    656; 	  0.5; 	"";
123; 	 955.9757; 	   6215; 	  4.6; 	"";
124; 	 956.9808; 	   1280; 	  1.0; 	"";
125; 	 957.9708; 	   2190; 	  1.6; 	"";
126; 	 958.9708; 	    471; 	  0.4; 	"";
127; 	 966.0004; 	   1052; 	  0.8; 	"";
128; 	 967.0163; 	    280; 	  0.2; 	"";
129; 	 982.9934; 	   4352; 	  3.2; 	"";
130; 	 983.9943; 	    732; 	  0.5; 	"";
131; 	 999.9307; 	    388; 	  0.3; 	"";
132; 	1001.9208; 	    441; 	  0.3; 	"";
133; 	1007.0094; 	  17385; 	 12.9; 	"1007.01";
134; 	1009.0119; 	   4124; 	  3.1; 	"";
135; 	1011.0340; 	    204; 	  0.2; 	"";
136; 	1033.9881; 	   1406; 	  1.0; 	"";
137; 	1061.0465; 	  31824; 	 23.7; 	"1061.05";
138; 	1063.0478; 	   2375; 	  1.8; 	"";
139; 	1152.0669; 	    743; 	  0.6; 	"";
140; 	1182.0798; 	    279; 	  0.2; 	"";
141; 	1224.9789; 	    207; 	  0.2; 	"";
142; 	1273.0608; 	   3086; 	  2.3; 	"";
143; 	1275.1050; 	    315; 	  0.2; 	"";
144; 	1364.0777; 	    239; 	  0.2; 	"";
145; 	1394.0603; 	   6659; 	  5.0; 	"";
146; 	1396.0810; 	    676; 	  0.5; 	"";
147; 	1485.0751; 	    764; 	  0.6; 	"";
148; 	1545.5769; 	    460; 	  0.3; 	"";
149; 	1606.0894; 	   2579; 	  1.9; 	"";
150; 	1608.0691; 	    251; 	  0.2; 	"";
151; 	1666.5828; 	   1530; 	  1.1; 	"";
152; 	1712.0843; 	    872; 	  0.6; 	"";
153; 	1727.0673; 	   4085; 	  3.0; 	"";
154; 	1729.0935; 	    386; 	  0.3; 	"";
155; 	1772.5794; 	   1663; 	  1.2; 	"";
156; 	1818.0957; 	   1500; 	  1.1; 	"";
157; 	1820.0929; 	    259; 	  0.2; 	"";
158; 	1833.0805; 	   2561; 	  1.9; 	"";
159; 	1878.5686; 	   1093; 	  0.8; 	"";
160; 	1893.5789; 	   1614; 	  1.2; 	"";
161; 	1939.0912; 	   4316; 	  3.2; 	"";
162; 	1941.1067; 	    692; 	  0.5; 	"";
163; 	1984.5111; 	    528; 	  0.4; 	"";
164; 	1999.5386; 	   2548; 	  1.9; 	"";
165; 	2010.4348; 	    217; 	  0.2; 	"";
166; 	2033.0684; 	    209; 	  0.2; 	"";
167; 	2045.6009; 	    503; 	  0.4; 	"";
168; 	2060.0949; 	   6812; 	  5.1; 	"";
169; 	2063.1160; 	    242; 	  0.2; 	"";
170; 	2090.7384; 	    817; 	  0.6; 	"";
171; 	2105.6029; 	   1367; 	  1.0; 	"";
172; 	2121.4357; 	    413; 	  0.3; 	"";
173; 	2151.1232; 	    451; 	  0.3; 	"";
174; 	2166.0972; 	   1467; 	  1.1; 	"";
175; 	2202.3989; 	    214; 	  0.2; 	"";
176; 	2212.6098; 	    210; 	  0.2; 	"";
177; 	2226.5990; 	    804; 	  0.6; 	"";
178; 	2232.4504; 	    249; 	  0.2; 	"";
179; 	2272.1045; 	   1783; 	  1.3; 	"";
180; 	2282.8068; 	    213; 	  0.2; 	"";
181; 	2303.5066; 	    208; 	  0.2; 	"";
182; 	2312.7550; 	    534; 	  0.4; 	"";
183; 	2333.1026; 	   1027; 	  0.8; 	"";
184; 	2344.0916; 	    203; 	  0.2; 	"";
185; 	2353.7108; 	    244; 	  0.2; 	"";
186; 	2393.1031; 	   1087; 	  0.8; 	"";
187; 	2414.0839; 	    217; 	  0.2; 	"";
188; 	2424.0753; 	    261; 	  0.2; 	"";
189; 	2439.0416; 	    246; 	  0.2; 	"";
190; 	2485.1429; 	    212; 	  0.2; 	"";
191; 	2500.1553; 	    259; 	  0.2; 	"";
192; 	2546.0533; 	    220; 	  0.2; 	"";
193; 	2560.0936; 	    438; 	  0.3; 	"";
194; 	2575.7289; 	    227; 	  0.2; 	"";
195; 	2605.5845; 	    887; 	  0.7; 	"";
196; 	2646.4405; 	    237; 	  0.2; 	"";
197; 	2666.5760; 	    236; 	  0.2; 	"";
198; 	2938.7466; 	    262; 	  0.2; 	"";
