 0; 	  61.9888; 	  52183; 	100.0; 	"61.99";
 1; 	  63.9924; 	    318; 	  0.6; 	"";
 2; 	  68.9966; 	    796; 	  1.5; 	"";
 3; 	  86.0088; 	    260; 	  0.5; 	"";
 4; 	  87.0017; 	    904; 	  1.7; 	"";
 5; 	 112.9856; 	   4556; 	  8.7; 	"";
 6; 	 115.0040; 	    590; 	  1.1; 	"";
 7; 	 124.9841; 	   1868; 	  3.6; 	"";
 8; 	 134.0235; 	    842; 	  1.6; 	"";
 9; 	 138.0184; 	    239; 	  0.5; 	"";
10; 	 146.0369; 	    677; 	  1.3; 	"";
11; 	 146.9661; 	   4834; 	  9.3; 	"";
12; 	 148.9528; 	   6535; 	 12.5; 	"148.95";
13; 	 150.9481; 	    219; 	  0.4; 	"";
14; 	 162.9404; 	    479; 	  0.9; 	"";
15; 	 166.9955; 	    604; 	  1.2; 	"";
16; 	 167.9947; 	    752; 	  1.4; 	"";
17; 	 170.0354; 	   1579; 	  3.0; 	"";
18; 	 183.0057; 	    501; 	  1.0; 	"";
19; 	 195.9116; 	    299; 	  0.6; 	"";
20; 	 202.9699; 	    279; 	  0.5; 	"";
21; 	 209.9507; 	   1071; 	  2.1; 	"";
22; 	 210.9504; 	    219; 	  0.4; 	"";
23; 	 211.9483; 	    208; 	  0.4; 	"";
24; 	 212.9886; 	    228; 	  0.4; 	"";
25; 	 214.0275; 	    215; 	  0.4; 	"";
26; 	 222.8715; 	    418; 	  0.8; 	"";
27; 	 224.8717; 	    543; 	  1.0; 	"";
28; 	 225.9267; 	   9893; 	 19.0; 	"225.93";
29; 	 226.8656; 	    462; 	  0.9; 	"";
30; 	 227.9268; 	    749; 	  1.4; 	"";
31; 	 229.9193; 	    903; 	  1.7; 	"";
32; 	 231.9450; 	    248; 	  0.5; 	"";
33; 	 233.0227; 	    445; 	  0.9; 	"";
34; 	 238.9361; 	    226; 	  0.4; 	"";
35; 	 241.9007; 	    725; 	  1.4; 	"";
36; 	 243.0423; 	    226; 	  0.4; 	"";
37; 	 245.9852; 	   2117; 	  4.1; 	"";
38; 	 249.8942; 	   2406; 	  4.6; 	"";
39; 	 251.8925; 	   1794; 	  3.4; 	"";
40; 	 252.8892; 	    205; 	  0.4; 	"";
41; 	 253.8884; 	   1296; 	  2.5; 	"";
42; 	 267.1207; 	   2238; 	  4.3; 	"";
43; 	 268.1271; 	    347; 	  0.7; 	"";
44; 	 271.9921; 	    253; 	  0.5; 	"";
45; 	 288.0269; 	   1605; 	  3.1; 	"";
46; 	 289.0366; 	    237; 	  0.5; 	"";
47; 	 295.1115; 	    223; 	  0.4; 	"";
48; 	 304.0249; 	    292; 	  0.6; 	"";
49; 	 306.0336; 	    277; 	  0.5; 	"";
50; 	 310.9027; 	    238; 	  0.5; 	"";
51; 	 320.0173; 	    274; 	  0.5; 	"";
52; 	 322.0295; 	    284; 	  0.5; 	"";
53; 	 339.2341; 	   1408; 	  2.7; 	"";
54; 	 340.2408; 	    356; 	  0.7; 	"";
55; 	 345.0643; 	    582; 	  1.1; 	"";
56; 	 347.0810; 	    367; 	  0.7; 	"";
57; 	 348.0789; 	    398; 	  0.8; 	"";
58; 	 361.0592; 	    930; 	  1.8; 	"";
59; 	 362.0532; 	    272; 	  0.5; 	"";
60; 	 363.0716; 	   1150; 	  2.2; 	"";
61; 	 364.0756; 	    343; 	  0.7; 	"";
62; 	 366.0664; 	    201; 	  0.4; 	"";
63; 	 374.0570; 	    574; 	  1.1; 	"";
64; 	 375.0488; 	    233; 	  0.4; 	"";
65; 	 389.8714; 	    577; 	  1.1; 	"";
66; 	 392.0645; 	   2568; 	  4.9; 	"";
67; 	 393.0630; 	    588; 	  1.1; 	"";
68; 	 395.0619; 	    241; 	  0.5; 	"";
69; 	 402.2312; 	   1965; 	  3.8; 	"";
70; 	 403.2335; 	    667; 	  1.3; 	"";
71; 	 404.1125; 	    231; 	  0.4; 	"";
72; 	 408.0651; 	   1195; 	  2.3; 	"";
73; 	 409.0547; 	    358; 	  0.7; 	"";
74; 	 410.0705; 	    221; 	  0.4; 	"";
75; 	 419.0413; 	    349; 	  0.7; 	"";
76; 	 420.2967; 	    752; 	  1.4; 	"";
77; 	 421.3064; 	    229; 	  0.4; 	"";
78; 	 435.0703; 	    297; 	  0.6; 	"";
79; 	 437.0510; 	   1216; 	  2.3; 	"";
80; 	 438.0554; 	    268; 	  0.5; 	"";
81; 	 440.0534; 	    457; 	  0.9; 	"";
82; 	 453.0471; 	    481; 	  0.9; 	"";
83; 	 455.0482; 	    221; 	  0.4; 	"";
84; 	 458.0610; 	   1149; 	  2.2; 	"";
85; 	 459.0601; 	    362; 	  0.7; 	"";
86; 	 463.0861; 	    686; 	  1.3; 	"";
87; 	 476.0831; 	    246; 	  0.5; 	"";
88; 	 481.0854; 	    206; 	  0.4; 	"";
89; 	 488.0551; 	    663; 	  1.3; 	"";
90; 	 490.0481; 	    546; 	  1.0; 	"";
91; 	 526.0773; 	    525; 	  1.0; 	"";
92; 	 527.0630; 	    290; 	  0.6; 	"";
93; 	 573.0872; 	    208; 	  0.4; 	"";
94; 	 689.1182; 	    489; 	  0.9; 	"";
95; 	 690.1125; 	    229; 	  0.4; 	"";
96; 	 805.9893; 	   4563; 	  8.7; 	"";
97; 	 806.9910; 	    833; 	  1.6; 	"";
98; 	 955.9774; 	   3292; 	  6.3; 	"";
99; 	 956.9744; 	    595; 	  1.1; 	"";
100; 	 957.9697; 	   1058; 	  2.0; 	"";
101; 	 958.9773; 	    306; 	  0.6; 	"";
102; 	 965.9978; 	    293; 	  0.6; 	"";
103; 	 982.9953; 	  10301; 	 19.7; 	"983.00";
104; 	 983.9949; 	   2206; 	  4.2; 	"";
105; 	 985.0018; 	    379; 	  0.7; 	"";
106; 	1007.0085; 	   7268; 	 13.9; 	"1007.01";
107; 	1008.2696; 	   1466; 	  2.8; 	"";
108; 	1010.0144; 	    326; 	  0.6; 	"";
109; 	1033.9881; 	   2214; 	  4.2; 	"";
110; 	1726.9956; 	    208; 	  0.4; 	"";
