 0; 	  61.9893; 	 133200; 	100.0; 	"61.99";
 1; 	  62.9888; 	    684; 	  0.5; 	"";
 2; 	  63.9935; 	    836; 	  0.6; 	"";
 3; 	  86.0069; 	    567; 	  0.4; 	"";
 4; 	  87.0036; 	   2275; 	  1.7; 	"";
 5; 	 112.9856; 	    947; 	  0.7; 	"";
 6; 	 119.0357; 	    946; 	  0.7; 	"";
 7; 	 123.0103; 	    228; 	  0.2; 	"";
 8; 	 124.9842; 	  25447; 	 19.1; 	"124.98";
 9; 	 125.9854; 	    275; 	  0.2; 	"";
10; 	 126.9887; 	    378; 	  0.3; 	"";
11; 	 146.9669; 	   1220; 	  0.9; 	"";
12; 	 148.9522; 	   2281; 	  1.7; 	"";
13; 	 153.0068; 	   4215; 	  3.2; 	"";
14; 	 154.0117; 	    293; 	  0.2; 	"";
15; 	 162.9409; 	    343; 	  0.3; 	"";
16; 	 168.0302; 	   2212; 	  1.7; 	"";
17; 	 169.0309; 	    264; 	  0.2; 	"";
18; 	 183.0044; 	    742; 	  0.6; 	"";
19; 	 225.9281; 	    220; 	  0.2; 	"";
20; 	 259.0317; 	  29645; 	 22.3; 	"259.03";
21; 	 260.0349; 	   2532; 	  1.9; 	"";
22; 	 261.0343; 	    582; 	  0.4; 	"";
23; 	 322.0317; 	    482; 	  0.4; 	"";
24; 	 333.9738; 	    222; 	  0.2; 	"";
25; 	 339.2336; 	    407; 	  0.3; 	"";
26; 	 355.2252; 	    327; 	  0.2; 	"";
27; 	 392.2644; 	   2257; 	  1.7; 	"";
28; 	 393.2727; 	    520; 	  0.4; 	"";
29; 	 402.2288; 	    625; 	  0.5; 	"";
30; 	 403.2276; 	    234; 	  0.2; 	"";
31; 	 420.2967; 	   2789; 	  2.1; 	"";
32; 	 421.3012; 	    702; 	  0.5; 	"";
33; 	 425.0240; 	    308; 	  0.2; 	"";
34; 	 447.2144; 	   1039; 	  0.8; 	"";
35; 	 448.2183; 	    339; 	  0.3; 	"";
36; 	 456.0745; 	  34603; 	 26.0; 	"456.07";
37; 	 456.6776; 	   6261; 	  4.7; 	"";
38; 	 457.2161; 	    239; 	  0.2; 	"";
39; 	 458.0788; 	   1544; 	  1.2; 	"";
40; 	 459.0932; 	    202; 	  0.2; 	"";
41; 	 495.1947; 	    284; 	  0.2; 	"";
42; 	 630.4946; 	   1734; 	  1.3; 	"";
43; 	 631.4987; 	    628; 	  0.5; 	"";
44; 	 653.1184; 	   8257; 	  6.2; 	"";
45; 	 654.1200; 	   2198; 	  1.7; 	"";
46; 	 655.1240; 	    604; 	  0.5; 	"";
47; 	 658.5253; 	   4108; 	  3.1; 	"";
48; 	 659.5279; 	   1676; 	  1.3; 	"";
49; 	 660.5390; 	    600; 	  0.5; 	"";
50; 	 686.5553; 	   1903; 	  1.4; 	"";
51; 	 687.5585; 	    920; 	  0.7; 	"";
52; 	 688.5732; 	    249; 	  0.2; 	"";
53; 	 805.9841; 	   7078; 	  5.3; 	"";
54; 	 806.9860; 	   1436; 	  1.1; 	"";
55; 	 807.9992; 	    297; 	  0.2; 	"";
56; 	 850.1640; 	   3233; 	  2.4; 	"";
57; 	 851.1622; 	   1135; 	  0.9; 	"";
58; 	 852.1613; 	    360; 	  0.3; 	"";
59; 	 955.9664; 	   7517; 	  5.6; 	"";
60; 	 956.9718; 	   1386; 	  1.0; 	"";
61; 	 957.9670; 	   2481; 	  1.9; 	"";
62; 	 958.9749; 	    444; 	  0.3; 	"";
63; 	 965.9907; 	    728; 	  0.5; 	"";
64; 	 966.9996; 	    330; 	  0.2; 	"";
65; 	 982.9905; 	   4398; 	  3.3; 	"";
66; 	 983.9905; 	    918; 	  0.7; 	"";
67; 	 999.9257; 	    627; 	  0.5; 	"";
68; 	1001.9091; 	    476; 	  0.4; 	"";
69; 	1007.0038; 	  15078; 	 11.3; 	"1007.00";
70; 	1008.2247; 	   3479; 	  2.6; 	"";
71; 	1010.0088; 	    882; 	  0.7; 	"";
72; 	1033.9881; 	   1389; 	  1.0; 	"";
73; 	1047.2055; 	   3445; 	  2.6; 	"";
74; 	1049.2014; 	    483; 	  0.4; 	"";
75; 	1244.2367; 	   3247; 	  2.4; 	"";
76; 	1246.2440; 	    743; 	  0.6; 	"";
77; 	1441.2871; 	   2876; 	  2.2; 	"";
78; 	1442.7779; 	    793; 	  0.6; 	"";
79; 	1539.8122; 	   1931; 	  1.4; 	"";
80; 	1638.3266; 	   3750; 	  2.8; 	"";
81; 	1640.3360; 	    483; 	  0.4; 	"";
82; 	1726.9616; 	    337; 	  0.3; 	"";
83; 	1736.8224; 	   2574; 	  1.9; 	"";
84; 	1738.8787; 	    227; 	  0.2; 	"";
85; 	1835.3696; 	   3013; 	  2.3; 	"";
86; 	1837.3746; 	    589; 	  0.4; 	"";
87; 	1933.9057; 	   1809; 	  1.4; 	"";
88; 	1935.9072; 	    279; 	  0.2; 	"";
89; 	2032.4156; 	   2905; 	  2.2; 	"";
90; 	2130.9701; 	   1608; 	  1.2; 	"";
91; 	2229.4469; 	   2833; 	  2.1; 	"";
92; 	2296.4547; 	    204; 	  0.2; 	"";
93; 	2328.4600; 	    922; 	  0.7; 	"";
94; 	2361.7583; 	    280; 	  0.2; 	"";
95; 	2426.4978; 	   2221; 	  1.7; 	"";
96; 	2493.1597; 	    235; 	  0.2; 	"";
97; 	2525.5203; 	    745; 	  0.6; 	"";
98; 	2559.1756; 	    224; 	  0.2; 	"";
99; 	2624.5510; 	    641; 	  0.5; 	"";
100; 	2690.5274; 	    211; 	  0.2; 	"";
101; 	2722.5204; 	    867; 	  0.7; 	"";
102; 	2821.5174; 	    635; 	  0.5; 	"";
103; 	3018.5777; 	    567; 	  0.4; 	"";
