#SEC	MZ	INT
36.84	77.0593692227128	1684.51
36.84	105.050238620868	273.299
36.84	111.091015973158	356.129
38.4	77.0590695917384	202.801
38.4	105.046833641992	628.477
38.4	371.89103839337	110.5
39.42	77.0617907211491	1981.04
39.42	78.0648348247672	123.779
39.42	105.052400657936	1717.67
39.42	107.054512846371	101.337
39.42	111.0917	236.075
39.42	135.043785593	198.344
39.42	153.043744257284	205.907
39.42	181.028356434204	158.774
39.42	186.018804883931	115.971
39.42	256.994254880982	3097.03
39.42	257.993613505801	445.093
39.42	302.880159697692	319.173
39.42	332.955160358168	1841.38
39.42	333.95872132052	345.32
39.42	334.965903516288	182.331
39.42	358.835446016388	333.837
39.42	408.914876135968	585.163
39.42	409.910955528254	182.717
39.42	410.935523505368	177.043
39.42	484.870955299729	269.985
39.42	485.86581051145	175.972
39.42	560.816082897069	196.6
39.42	612.576157433047	120.125
39.42	866.308430553394	173.24
39.42	1120.03350104263	115.243
39.42	1373.74731539463	215.844
39.42	1627.46617749274	370.4
39.42	1628.4563220624	167.658
39.42	1629.44510672968	107.893
39.42	1630.46162255338	108.023
41.94	77.0620435451185	3403.74
41.94	78.0653293466146	191.727
41.94	105.052400831889	870.082
41.94	111.095231998911	283.451
43.5	77.062912044726	551
43.5	105.052678479718	592.01
43.5	358.828452192208	180.681
44.52	51.054123241453	111.682
44.52	77.058219965557	2845.98
44.52	78.0597142048549	172.522
44.52	105.047317323399	1545.19
44.52	106.048420946661	365.938
44.52	107.04995902538	117.306
44.52	111.0917	459.005
44.52	115.048820563519	123.333
44.52	135.036796860932	194.001
44.52	153.033112451311	274.029
44.52	168.030421220663	122.654
44.52	186.009974049637	198.375
44.52	229.009251666103	103.19
44.52	302.859869212452	423.581
44.52	303.876308400893	111.405
44.52	358.816425563517	633.893
44.52	359.826787722423	178.042
44.52	612.543275052978	154.471
44.52	868.243279811271	114.24
44.52	882.57683973165	101.04
44.52	1119.95327868697	137.923
44.52	1122.00619336424	134.857
44.52	1373.67688617826	176.822
44.52	1627.36193784547	343.674
44.52	1628.37359672097	309.302
44.52	1629.37608960462	229.531
44.52	1881.09138155775	167.025
36.6	77.0604159401685	4035.03
36.6	77.1356587984297	113.142
36.6	78.0627860112115	323.275
36.6	105.050697166908	598.537
36.6	106.055244362597	147.94
36.6	111.092963574808	1335.84
36.6	112.096771981914	166.188
36.6	1707.44942089269	279.628
38.16	77.0610323420419	968.61
38.16	105.048892759403	921.334
38.16	358.826946459534	237.117
39.18	77.0613614684673	2590.57
39.18	105.050923044258	1709.34
39.18	107.053168863486	116.125
39.18	111.0917	711.021
39.18	135.043943979056	119.081
39.18	141.05029494791	100.92
39.18	152.034400721805	133.24
39.18	153.041874797673	179.008
39.18	179.008976023969	119.281
39.18	186.010671509964	121.049
39.18	205.215176761193	152.306
39.18	230.000282923356	111.735
39.18	302.876710839493	254.796
39.18	308.022768979305	108.111
39.18	309.020608271599	114.213
39.18	319.969990766063	106.432
39.18	358.829797114252	590.949
39.18	359.827015145378	186.064
39.18	612.557578560999	126.778
39.18	866.299699320814	310.386
39.18	1120.00759477728	171.098
39.18	1373.72023190215	287.174
39.18	1627.44560203243	545.556
39.18	1628.4312524363	235.815
39.18	1629.41687617237	231.681
41.7	77.0605543326035	4806.44
41.7	77.1359421374412	168.438
41.7	78.0639863188185	314.731
41.7	105.051329578767	604.042
41.7	106.056461106908	117.082
41.7	111.042007916066	123.818
41.7	111.092899818411	835.809
43.26	77.0610638959157	557.039
43.26	105.051406528214	1155.24
43.26	106.053967335228	102.375
43.26	358.833436198299	108.223
43.26	528.536713229135	128.776
44.28	77.0587365227457	3693.28
44.28	78.0616021835088	243.27
44.28	105.047581079225	1852
44.28	107.046463858582	115.446
44.28	111.0917	648.037
44.28	135.036945072706	221.001
44.28	136.027397331148	111.712
44.28	152.025437911177	116.431
44.28	153.036627152674	335.045
44.28	171.026500589378	108.225
44.28	186.004589990198	154.75
44.28	194.8551689527	105.573
44.28	302.863454782956	275.045
44.28	303.870349057118	129.337
44.28	309.015674725136	136.469
44.28	358.819627450076	830.744
44.28	359.817101646826	227.736
44.28	689.519129744059	112.018
44.28	866.268596687495	410.038
44.28	867.257563963149	182.477
44.28	1119.97054241178	172.635
44.28	1373.66490499179	224.111
44.28	1374.68568128824	163.574
44.28	1375.67261006946	101.023
44.28	1627.37720557478	630.388
44.28	1628.39070567626	449.225
44.28	1629.37994312818	314.227
44.28	1630.38574412596	225.482
46.8	77.0585780530297	3582.73
46.8	77.1323959314698	100.906
46.8	78.0591250057112	450.364
46.8	105.046344067243	903.698
46.8	111.089867825714	927.014
46.8	115.048727840797	134.602
36.78	77.0587953961847	2033.56
36.78	105.045691175137	450.284
36.78	111.091478440282	207.789
36.78	1637.33871996098	106.507
38.34	77.0584525429302	650.787
38.34	105.046794337758	655.876
38.34	358.816010665397	142.061
39.36	77.0620946606642	3269.68
39.36	78.0628101718818	155.281
39.36	105.052301769361	1267.47
39.36	106.052482902857	186.344
39.36	107.054377572464	184.026
39.36	111.0917	378.277
39.36	152.035577563554	301.844
39.36	153.041412059548	219.039
39.36	179.030010518433	107.139
39.36	256.994238126484	3216.27
39.36	257.996672080328	628.272
39.36	259.008111825318	116.782
39.36	302.878562730347	393.559
39.36	303.865838558411	113.391
39.36	332.954800875782	1444.75
39.36	333.956777342767	395.865
39.36	358.836455574226	546.09
39.36	359.827638054886	190.245
39.36	366.651544656121	139.516
39.36	375.891501220335	112.26
39.36	408.922119071719	590.507
39.36	409.914520994222	249.023
39.36	473.06617020567	104.667
39.36	484.876331321111	331.791
39.36	485.869509437783	224.446
39.36	486.874589248966	202.921
39.36	538.426647840704	106.165
39.36	554.391866520554	108.335
39.36	560.81915886707	235.002
39.36	561.82054109942	200.894
39.36	612.567984901153	111.083
39.36	637.776238061081	169.649
39.36	638.801864244853	105.625
39.36	712.727587134033	173.073
39.36	866.30934977531	376
39.36	867.331110180813	154.012
39.36	1038.06773336925	131.2
39.36	1120.02076649315	223.5
39.36	1121.04513521031	125
39.36	1373.74944629433	361.123
39.36	1627.45748471956	647.764
39.36	1628.46747061091	337.121
39.36	1629.46566362124	463.175
39.36	1630.43677695925	252.806
39.36	1631.44029729041	228.463
41.88	51.0587403419878	113.88
41.88	77.0622817066015	2843.31
41.88	105.053965405006	761.196
41.88	112.102038349637	101.614
43.44	77.0617113185137	770.862
43.44	105.052000652494	676.198
43.44	358.831463832471	144.214
44.46	77.0609289454662	2982.66
44.46	78.0644839170058	289.191
44.46	105.04930168257	1456.94
44.46	106.048485720876	175.76
44.46	107.052475730685	146.157
44.46	111.0917	238.42
44.46	135.037354072505	120.286
44.46	136.040353354849	101.461
44.46	153.041840574346	281.379
44.46	165.031662636929	124.07
44.46	186.013564123512	312.571
44.46	228.998764032792	105.191
44.46	302.875005456038	349.141
44.46	358.825856525493	583.5
44.46	359.833797392622	263.213
44.46	612.576422216111	188.014
44.46	866.289803599071	268
44.46	1373.6952141055	120.257
44.46	1374.73168994062	157.371
44.46	1627.42742796582	369
44.46	1628.41267047357	186.681
44.46	1629.4019537626	324.516
46.98	77.0608174887177	4117.23
46.98	77.136062713776	128.075
46.98	78.0638722638582	325.694
46.98	105.049646366682	638.72
46.98	106.051064868728	157.431
46.98	111.091150242623	364.461
36.78	51.0563174778525	215.929
36.78	77.0599275763595	5654.62
36.78	77.1345884636011	174.538
36.78	78.0624334879397	486.945
36.78	83.0747416120814	112.787
36.78	111.093591269121	730.745
38.34	77.0596171720862	1368.43
38.34	78.0582845878652	124.048
38.34	105.049130212192	413.726
39.36	77.0583426500246	3629.32
39.36	78.059256807491	147.16
39.36	103.01749431781	105.089
39.36	105.045896327386	1760.79
39.36	107.050434124048	369.112
39.36	111.0917	790.602
39.36	135.032674746841	182.481
39.36	153.034056004479	279.934
39.36	154.039653015384	146.055
39.36	157.032017030874	109.939
39.36	186.010446821653	201.386
39.36	213.012349076856	147.602
39.36	256.982285088299	150.036
39.36	302.856202707579	360.416
39.36	358.818317692088	901.641
39.36	359.821907107419	253.852
39.36	360.822399033024	120.349
39.36	866.260769614468	361.327
39.36	867.275245769889	181.227
39.36	868.267957632863	138.924
39.36	983.452433261493	251.122
39.36	1119.98259991532	268.014
39.36	1373.68233178853	209.694
39.36	1374.70112434395	147.26
39.36	1375.696429251	135.011
39.36	1627.37018827504	658
39.36	1628.37552538672	475.412
39.36	1629.36277870717	620.78
39.36	1630.37729266083	139.446
39.36	1631.35531984797	102.714
41.88	51.0559720797169	269.694
41.88	77.0582832796106	4296.82
41.88	77.133503931401	114.065
41.88	78.0599800230791	142.96
41.88	83.0787212338276	135.094
41.88	111.088266148763	888.43
43.44	77.058291821245	1403.17
43.44	78.0571303913117	103.358
43.44	105.043905263984	460.841
43.44	106.043316390028	107.883
44.46	77.0606557503347	3327.01
44.46	78.0594609313675	100.324
44.46	105.048997823627	1710.97
44.46	107.050468650413	140.508
44.46	108.049688656313	178.56
44.46	111.0917	678.041
44.46	135.037518744026	166.907
44.46	153.041161766735	123.905
44.46	302.869050118082	202.385
44.46	309.015998717069	126.149
44.46	358.828559005269	540.531
44.46	612.550498576443	140.025
44.46	866.286255904224	279.062
44.46	867.308052617916	125.087
44.46	1119.98327461677	179.8
44.46	1373.72820015121	225.461
44.46	1627.43848954624	575.506
44.46	1628.39890374579	322.008
44.46	1629.39630367827	212.375
44.46	1630.4341103903	137.335
46.98	77.0606512346365	3237.39
46.98	78.063872987022	441.062
46.98	111.089815156736	714.415
36.9	77.0602602001082	3192.27
36.9	77.1354731417851	132.141
36.9	78.0621423440833	328.167
36.9	86.8615279548138	263.446
36.9	105.046913932115	406.686
36.9	111.091781631966	885.418
38.4	54.8552143255005	186.79
38.4	77.0608175746215	665.177
38.4	105.0490296599	971.793
39.48	77.0593086460029	2810.3
39.48	78.0607491323562	251.124
39.48	105.049197433726	2222.32
39.48	106.049639165854	207.807
39.48	107.052758313171	303.233
39.48	111.0917	836.716
39.48	135.038810060905	135.44
39.48	137.050992424435	137.837
39.48	138.047051425113	121.787
39.48	138.982709624826	119.917
39.48	153.036954984616	205.698
39.48	186.006312464271	176.973
39.48	256.987477578578	113.532
39.48	302.86589460044	348.891
39.48	303.872409917509	138.446
39.48	309.020589231825	219.432
39.48	358.825172194509	686.56
39.48	359.823838914713	144.686
39.48	612.566149952556	223.963
39.48	866.281433634367	354.001
39.48	1120.02921395728	117.641
39.48	1540.45311157843	141.189
39.48	1627.40450350036	336.721
39.48	1628.41647139936	285.05
39.48	1629.3801278695	382.814
39.48	1631.4099928357	129.942
42	77.0594401034756	5566.25
42	77.1343277409898	174.655
42	78.0616552552036	315.067
42	105.049830330346	498.641
42	111.091730988808	867.662
42	112.095058216949	202.395
42	1913.36172654916	272.147
43.5	77.0592494547692	885.108
43.5	105.048128220238	516.354
43.5	202.577937396879	260.905
43.5	358.823186180708	245.253
44.58	77.0600798117366	2861.22
44.58	78.0604976160203	450.591
44.58	105.048447028823	1455.26
44.58	107.053148398107	307.77
44.58	111.0917	890.254
44.58	153.038527038017	185.898
44.58	186.007359792159	126.5
44.58	229.005681662788	120.02
44.58	302.862671712882	327.004
44.58	358.825101354896	604.793
44.58	866.288863151556	291.729
44.58	868.263336338914	159.817
44.58	1120.03197906441	193.084
44.58	1121.00107776093	104.696
44.58	1373.70192363461	253.102
44.58	1374.70487659903	100.066
44.58	1627.40703498951	603.604
44.58	1628.41064283525	467.465
44.58	1629.39544002117	189.654
44.58	1630.42245440277	117.64
44.58	1631.4002556818	118.72
44.58	1882.09811572399	137
44.58	1917.42842001233	207.26
36.9	51.0567917856778	269.161
36.9	77.0596893643593	514.523
38.4	77.0588082721632	823.231
38.4	78.0637645016676	131.676
39.48	77.0609689884297	2010.77
39.48	78.0616718162627	218.445
39.48	105.049592603045	1692.74
39.48	106.05177257725	197.551
39.48	111.0917	277.889
39.48	131.639967871133	153.603
39.48	153.038233508963	237.142
39.48	186.00410216543	128.452
39.48	194.863332597569	147.074
39.48	256.988696301755	2895.79
39.48	257.988869091202	475.963
39.48	258.990863711555	155.368
39.48	302.868102236668	189.848
39.48	326.943715708739	141.256
39.48	332.946964216472	1340.06
39.48	333.953861602206	635.517
39.48	334.955967705784	214.026
39.48	358.827110606002	568.739
39.48	360.829259291144	137.471
39.48	408.902593460858	837.002
39.48	409.904829683326	258.316
39.48	410.913535623429	199.265
39.48	484.85517029314	572.755
39.48	485.865124873131	229.175
39.48	560.814371299234	304.683
39.48	612.560740974723	185.655
39.48	636.768880029174	245.76
39.48	638.777206435064	103.045
39.48	785.316018489958	158.03
39.48	866.283379141336	416.337
39.48	867.2950802251	203.375
39.48	1120.00748461999	138.05
39.48	1122.01684044145	105.211
39.48	1373.69512925998	238.977
39.48	1374.69157318996	117.391
39.48	1375.75327246014	128.704
39.48	1627.43421232304	314.474
39.48	1628.40341081619	289.248
39.48	1628.50162831826	183.069
39.48	1629.41029905832	267.605
39.48	1630.38511450113	109.36
39.48	1881.09827513623	162.61
42	51.0575188016512	1302.01
42	77.0603672390543	2036.46
42	78.062348234455	250.864
42	83.0769171456784	148.02
42	96.0758906208371	144.811
43.5	77.0587308281904	1390.89
43.5	78.062694662198	123.765
43.5	105.047892273114	100.708
44.58	77.060700989491	2667.24
44.58	78.0617903512978	444.257
44.58	92.0622286583326	145.446
44.58	105.048289009556	1295.49
44.58	106.047145387812	110.44
44.58	107.048743127521	232.001
44.58	111.0917	528.931
44.58	135.039221909373	101.737
44.58	152.030127859896	165.597
44.58	153.040261287309	260.175
44.58	170.029274965219	126.645
44.58	183.02459607064	109.111
44.58	302.860063965565	187.006
44.58	303.871448033246	130.388
44.58	358.827285313454	732.712
44.58	612.549431621227	229.778
44.58	866.283928239484	314.093
44.58	1119.98843132303	145.482
44.58	1373.70961538959	162
44.58	1375.69322418243	221.25
44.58	1574.91307767249	113.231
44.58	1627.40043677942	520.596
44.58	1628.39306786121	238.565
44.58	1629.38104967266	331.223
44.58	1630.38446654003	145.973
44.58	1943.98071059695	126.641
36.66	51.0550813259573	203.227
38.22	77.0566476678227	991.119
38.22	78.0620125359934	162.422
38.22	183.032864944268	264.062
38.22	1505.99098190015	224.53
39.24	77.0586827918944	2063.57
39.24	78.057948358538	216.025
39.24	93.0381124445215	143.61
39.24	105.046973340345	1559.11
39.24	107.049988579233	234.309
39.24	111.0917	473.604
39.24	149.999903750809	160.72
39.24	152.022961818146	148.189
39.24	153.03358444792	273.538
39.24	181.019688327803	157.026
39.24	229.00018911051	105.015
39.24	263.021913857332	116.457
39.24	302.853866870185	172.674
39.24	358.819352723816	427.898
39.24	359.821806523392	116.531
39.24	360.818280611694	189.018
39.24	612.531151764852	111.96
39.24	866.257711729216	224.414
39.24	941.968541495282	132.568
39.24	1373.64200116562	179.326
39.24	1404.72304050453	129.822
39.24	1627.3666186337	296.96
39.24	1627.47160632233	114.756
39.24	1628.37514915069	221.399
39.24	1629.33605797189	267.689
41.76	42.0698051076255	107.73
41.76	50.0460578308621	232.452
41.76	51.0543860683832	878.778
43.32	51.0564134036728	247
43.32	77.056858430021	1514.18
43.32	250.164907452668	179.346
44.34	53.0689988069209	102.75
44.34	77.0579350266258	2196.63
44.34	105.048328846723	1345.56
44.34	107.049750691073	364.651
44.34	111.0917	483.055
44.34	135.029728542599	193.48
44.34	152.027255462492	136.286
44.34	153.033740171328	329.256
44.34	198.012647710994	116.331
44.34	234.774514555528	156.386
44.34	302.862875513006	218.89
44.34	358.817244483629	319.914
44.34	612.543764403365	100.265
44.34	866.279424998404	309.01
44.34	867.30210864024	111.512
44.34	1070.6087266205	120.023
44.34	1119.99147945933	136.573
44.34	1122.04300720773	103.761
44.34	1373.67690384768	148.005
44.34	1374.67154956075	130.016
44.34	1627.40871514891	585.231
44.34	1628.36852492225	314.939
44.34	1629.37316647944	244.76
44.34	1881.09117354862	130.002
46.86	50.048412413953	252.507
46.86	51.0555469822042	955.125
46.86	62.0409339934898	114.207
