  0; 	  21.3627; 	    255; 	 52.8; 	 0.00; 	"52.80";
  1; 	  22.5435; 	    241; 	 86.3; 	 0.00; 	"86.30";
  2; 	  23.7313; 	    115; 	 23.9; 	 0.00; 	"23.90";
  3; 	  53.7227; 	    214; 	 76.5; 	 0.00; 	"76.50";
  4; 	  55.7300; 	    191; 	 68.4; 	 0.00; 	"68.40";
  5; 	  64.3451; 	    192; 	 67.7; 	 0.00; 	"67.70";
  6; 	  81.4502; 	    262; 	 93.7; 	 0.00; 	"93.70";
  7; 	 148.9925; 	    284; 	100.0; 	 0.00; 	"100.00";
  8; 	 154.9393; 	    248; 	 51.3; 	 0.00; 	"51.30";
  9; 	 155.0128; 	    120; 	 42.8; 	 0.00; 	"42.80";
 10; 	 156.9304; 	    384; 	 79.6; 	 0.00; 	"79.60";
 11; 	 160.8734; 	    259; 	 93.1; 	 0.00; 	"93.10";
 12; 	 174.9619; 	    279; 	100.0; 	 0.00; 	"100.00";
 13; 	 182.9237; 	    483; 	100.0; 	 0.00; 	"100.00";
 14; 	 183.0181; 	    112; 	 40.0; 	 0.00; 	"40.00";
 15; 	 184.9490; 	    131; 	 46.2; 	 0.00; 	"46.20";
 16; 	 185.0073; 	    226; 	 80.8; 	 0.00; 	"80.80";
 17; 	 185.0121; 	    238; 	 85.4; 	 0.00; 	"85.40";
 18; 	 185.0138; 	    470; 	 97.4; 	 0.00; 	"97.40";
 19; 	 187.2780; 	    262; 	 92.3; 	 0.00; 	"92.30";
 20; 	 196.6226; 	    126; 	 45.2; 	 0.00; 	"45.20";
 21; 	 197.6797; 	    128; 	 46.0; 	 0.00; 	"46.00";
 22; 	 205.6609; 	    206; 	 74.0; 	 0.00; 	"74.00";
 23; 	 215.0755; 	    258; 	 92.5; 	 0.00; 	"92.50";
 24; 	 242.1201; 	    145; 	 51.1; 	 0.00; 	"51.10";
 25; 	 242.3210; 	    257; 	 92.3; 	 0.00; 	"92.30";
 26; 	 250.5717; 	    116; 	 41.0; 	 0.00; 	"41.00";
 27; 	 302.4923; 	    258; 	 92.4; 	 0.00; 	"92.40";
 28; 	 351.6571; 	    262; 	 54.3; 	 0.00; 	"54.30";
 29; 	 351.9717; 	    116; 	 41.6; 	 0.00; 	"41.60";
 30; 	 370.7966; 	    267; 	 95.7; 	 0.00; 	"95.70";
 31; 	 388.6221; 	    257; 	 92.3; 	 0.00; 	"92.30";
 32; 	 448.9112; 	    266; 	 93.5; 	 0.00; 	"93.50";
 33; 	 476.0389; 	    279; 	100.0; 	 0.00; 	"100.00";
 34; 	 509.2482; 	    114; 	 23.6; 	 0.00; 	"23.60";
 35; 	 516.5477; 	    110; 	 22.9; 	 0.00; 	"22.90";
 36; 	 516.5690; 	    105; 	 37.6; 	 0.00; 	"37.60";
 37; 	 516.7850; 	    128; 	 45.0; 	 0.00; 	"45.00";
 38; 	 518.5566; 	    156; 	 32.3; 	 0.00; 	"32.30";
 39; 	 530.6071; 	    115; 	 40.3; 	 0.00; 	"40.30";
 40; 	 560.8969; 	    257; 	 92.0; 	 0.00; 	"92.00";
 41; 	 566.0854; 	    258; 	 92.6; 	 0.00; 	"92.60";
 42; 	  28.1208; 	    286; 	 29.8; 	 0.01; 	"29.80";
 43; 	  35.2734; 	    260; 	 27.1; 	 0.01; 	"27.10";
 44; 	  58.7338; 	    172; 	 17.9; 	 0.01; 	"17.90";
 45; 	 108.3582; 	    272; 	 28.3; 	 0.01; 	"28.30";
 46; 	 155.0021; 	    370; 	 38.5; 	 0.01; 	"38.50";
 47; 	 156.9656; 	    128; 	 13.3; 	 0.01; 	"13.30";
 48; 	 182.9952; 	    871; 	 90.8; 	 0.01; 	"90.80";
 49; 	 184.0066; 	    108; 	 11.3; 	 0.01; 	"11.30";
 50; 	 184.9904; 	    960; 	100.0; 	 0.01; 	"100.00";
 51; 	 207.8591; 	    135; 	 14.1; 	 0.01; 	"14.10";
 52; 	 269.1038; 	    267; 	 27.8; 	 0.01; 	"27.80";
 53; 	 451.8189; 	    259; 	 27.0; 	 0.01; 	"27.00";
 54; 	 474.2634; 	    165; 	 17.2; 	 0.01; 	"17.20";
 55; 	 509.4117; 	    266; 	 27.7; 	 0.01; 	"27.70";
 56; 	 514.7671; 	    395; 	 41.1; 	 0.01; 	"41.10";
 57; 	 516.7619; 	    131; 	 13.7; 	 0.01; 	"13.70";
 58; 	 518.7512; 	    193; 	 20.1; 	 0.01; 	"20.10";
 59; 	 597.4581; 	    267; 	 27.9; 	 0.01; 	"27.90";
 60; 	 601.0322; 	    265; 	 27.6; 	 0.01; 	"27.60";
 61; 	 642.0581; 	    140; 	 14.6; 	 0.01; 	"14.60";
 62; 	  25.2217; 	    169; 	 13.7; 	 0.10; 	"13.70";
 63; 	 103.2775; 	    262; 	 21.3; 	 0.10; 	"21.30";
 64; 	 154.9933; 	    231; 	 18.8; 	 0.10; 	"18.80";
 65; 	 170.4005; 	    113; 	  9.2; 	 0.10; 	"";
 66; 	 182.9919; 	   1128; 	 91.7; 	 0.10; 	"91.70";
 67; 	 184.9926; 	   1230; 	100.0; 	 0.10; 	"100.00";
 68; 	 344.0367; 	    266; 	 21.6; 	 0.10; 	"21.60";
 69; 	 387.9599; 	    110; 	  9.0; 	 0.10; 	"";
 70; 	 479.9853; 	    284; 	 23.1; 	 0.10; 	"23.10";
 71; 	 507.1003; 	    104; 	  8.5; 	 0.10; 	"";
 72; 	 514.7641; 	    482; 	 39.2; 	 0.10; 	"39.20";
 73; 	 516.7482; 	    775; 	 63.0; 	 0.10; 	"63.00";
 74; 	 518.7411; 	    249; 	 20.2; 	 0.10; 	"20.20";
 75; 	 101.1084; 	    272; 	 18.5; 	 1.00; 	"18.50";
 76; 	 143.0234; 	    258; 	 17.6; 	 1.00; 	"17.60";
 77; 	 154.9969; 	    461; 	 31.4; 	 1.00; 	"31.40";
 78; 	 156.9955; 	    597; 	 40.7; 	 1.00; 	"40.70";
 79; 	 162.9760; 	    333; 	 22.7; 	 1.00; 	"22.70";
 80; 	 169.6626; 	    264; 	 18.0; 	 1.00; 	"18.00";
 81; 	 177.9717; 	    153; 	 10.4; 	 1.00; 	"10.40";
 82; 	 182.9949; 	   1153; 	 78.6; 	 1.00; 	"78.60";
 83; 	 184.9956; 	   1467; 	100.0; 	 1.00; 	"100.00";
 84; 	 226.3447; 	    260; 	 17.7; 	 1.00; 	"17.70";
 85; 	 304.5989; 	    261; 	 17.8; 	 1.00; 	"17.80";
 86; 	 487.2253; 	    257; 	 17.5; 	 1.00; 	"17.50";
 87; 	 514.7470; 	    231; 	 15.8; 	 1.00; 	"15.80";
 88; 	 516.7487; 	    427; 	 29.1; 	 1.00; 	"29.10";
 89; 	 518.7619; 	    294; 	 20.0; 	 1.00; 	"20.00";
 90; 	 569.3385; 	    266; 	 18.1; 	 1.00; 	"18.10";
 91; 	 608.6228; 	    258; 	 17.6; 	 1.00; 	"17.60";
 92; 	 155.0034; 	    613; 	100.0; 	10.00; 	"100.00";
 93; 	 157.0076; 	    587; 	 95.7; 	10.00; 	"95.70";
 94; 	 183.0043; 	    538; 	 87.8; 	10.00; 	"87.80";
 95; 	 184.9209; 	    336; 	 54.9; 	10.00; 	"54.90";
 96; 	 314.0039; 	    108; 	 17.6; 	10.00; 	"17.60";
 97; 	 505.9791; 	    132; 	 21.6; 	10.00; 	"21.60";
 98; 	 121.1719; 	    105; 	  9.6; 	20.00; 	"";
 99; 	 155.0084; 	    763; 	 69.8; 	20.00; 	"69.80";
100; 	 157.0087; 	   1093; 	100.0; 	20.00; 	"100.00";
101; 	 242.3235; 	    255; 	 23.3; 	20.00; 	"23.30";
102; 	 386.2626; 	    263; 	 24.1; 	20.00; 	"24.10";
103; 	 406.1207; 	    280; 	 25.6; 	20.00; 	"25.60";
104; 	 468.4780; 	    113; 	 10.3; 	20.00; 	"10.30";
105; 	 510.4272; 	    122; 	 11.2; 	20.00; 	"11.20";
106; 	 624.0087; 	    278; 	 25.4; 	20.00; 	"25.40";
107; 	 675.6965; 	    271; 	 24.8; 	20.00; 	"24.80";
108; 	 122.5229; 	    100; 	  4.5; 	40.00; 	"";
109; 	 154.9665; 	   2211; 	100.0; 	40.00; 	"100.00";
110; 	 156.9606; 	   1705; 	 77.1; 	40.00; 	"77.10";
111; 	 198.5398; 	    285; 	 12.9; 	40.00; 	"12.90";
112; 	 371.3194; 	    102; 	  4.6; 	40.00; 	"";
113; 	 499.7192; 	    257; 	 11.6; 	40.00; 	"11.60";
114; 	 505.2702; 	    258; 	 11.7; 	40.00; 	"11.70";
