  0; 	  20.7687; 	    106; 	  0.1; 	 0.00; 	"";
  1; 	  37.7644; 	    266; 	  0.3; 	 0.00; 	"";
  2; 	  51.0243; 	    276; 	  0.3; 	 0.00; 	"";
  3; 	  51.1026; 	    182; 	  0.2; 	 0.00; 	"";
  4; 	  53.0041; 	    243; 	  0.3; 	 0.00; 	"";
  5; 	  64.0318; 	    127; 	  0.2; 	 0.00; 	"";
  6; 	  74.0978; 	    498; 	  0.6; 	 0.00; 	"";
  7; 	  74.1836; 	    136; 	  0.2; 	 0.00; 	"";
  8; 	  78.0413; 	    441; 	  0.5; 	 0.00; 	"";
  9; 	  92.0262; 	    481; 	  0.6; 	 0.00; 	"";
 10; 	  94.0267; 	    122; 	  0.1; 	 0.00; 	"";
 11; 	  94.1208; 	    743; 	  0.9; 	 0.00; 	"";
 12; 	 110.2550; 	    257; 	  0.3; 	 0.00; 	"";
 13; 	 131.9629; 	    274; 	  0.3; 	 0.00; 	"";
 14; 	 134.1366; 	    174; 	  0.2; 	 0.00; 	"";
 15; 	 145.9392; 	    192; 	  0.2; 	 0.00; 	"";
 16; 	 147.0388; 	    120; 	  0.1; 	 0.00; 	"";
 17; 	 150.0284; 	  30885; 	 36.5; 	 0.00; 	"36.50";
 18; 	 151.0305; 	   1071; 	  1.3; 	 0.00; 	"";
 19; 	 152.0332; 	    104; 	  0.1; 	 0.00; 	"";
 20; 	 196.7722; 	    214; 	  0.3; 	 0.00; 	"";
 21; 	 259.7322; 	    268; 	  0.3; 	 0.00; 	"";
 22; 	 279.8555; 	    259; 	  0.3; 	 0.00; 	"";
 23; 	 282.9150; 	    111; 	  0.1; 	 0.00; 	"";
 24; 	 287.6304; 	    256; 	  0.3; 	 0.00; 	"";
 25; 	 366.1410; 	    279; 	  0.3; 	 0.00; 	"";
 26; 	 439.9825; 	    336; 	  0.4; 	 0.00; 	"";
 27; 	 449.2487; 	  24607; 	 29.1; 	 0.00; 	"29.10";
 28; 	 450.0074; 	   3319; 	  3.9; 	 0.00; 	"";
 29; 	 451.0019; 	   1604; 	  1.9; 	 0.00; 	"";
 30; 	 452.0843; 	    101; 	  0.1; 	 0.00; 	"";
 31; 	 459.0844; 	    571; 	  0.7; 	 0.00; 	"";
 32; 	 460.2391; 	    101; 	  0.1; 	 0.00; 	"";
 33; 	 462.0844; 	  84528; 	100.0; 	 0.00; 	"100.00";
 34; 	 463.0915; 	  22989; 	 27.2; 	 0.00; 	"27.20";
 35; 	 464.1843; 	   1832; 	  2.2; 	 0.00; 	"";
 36; 	 465.0955; 	    131; 	  0.2; 	 0.00; 	"";
 37; 	 466.2821; 	    117; 	  0.1; 	 0.00; 	"";
 38; 	 529.3103; 	    110; 	  0.1; 	 0.00; 	"";
 39; 	 655.0259; 	    135; 	  0.2; 	 0.00; 	"";
 40; 	 656.5162; 	    209; 	  0.2; 	 0.00; 	"";
 41; 	  21.1501; 	    259; 	  0.4; 	 0.01; 	"";
 42; 	  51.0252; 	    150; 	  0.2; 	 0.01; 	"";
 43; 	  51.1017; 	    149; 	  0.2; 	 0.01; 	"";
 44; 	  56.2236; 	    275; 	  0.4; 	 0.01; 	"";
 45; 	  74.1857; 	    153; 	  0.2; 	 0.01; 	"";
 46; 	  89.3828; 	    260; 	  0.4; 	 0.01; 	"";
 47; 	  92.0264; 	    479; 	  0.7; 	 0.01; 	"";
 48; 	  94.0277; 	    547; 	  0.8; 	 0.01; 	"";
 49; 	  95.0299; 	    124; 	  0.2; 	 0.01; 	"";
 50; 	 150.0293; 	  26477; 	 36.5; 	 0.01; 	"36.50";
 51; 	 151.0392; 	   1682; 	  2.3; 	 0.01; 	"";
 52; 	 167.0242; 	    166; 	  0.2; 	 0.01; 	"";
 53; 	 217.5036; 	    116; 	  0.2; 	 0.01; 	"";
 54; 	 245.3578; 	    185; 	  0.3; 	 0.01; 	"";
 55; 	 294.8113; 	    102; 	  0.1; 	 0.01; 	"";
 56; 	 310.0368; 	    133; 	  0.2; 	 0.01; 	"";
 57; 	 313.0804; 	    105; 	  0.1; 	 0.01; 	"";
 58; 	 357.8998; 	    256; 	  0.4; 	 0.01; 	"";
 59; 	 437.0904; 	    111; 	  0.2; 	 0.01; 	"";
 60; 	 443.3187; 	    157; 	  0.2; 	 0.01; 	"";
 61; 	 446.0873; 	    112; 	  0.2; 	 0.01; 	"";
 62; 	 447.3214; 	    290; 	  0.4; 	 0.01; 	"";
 63; 	 448.0848; 	    128; 	  0.2; 	 0.01; 	"";
 64; 	 449.0038; 	  22362; 	 30.8; 	 0.01; 	"30.80";
 65; 	 449.9968; 	   3220; 	  4.4; 	 0.01; 	"";
 66; 	 451.0107; 	   1231; 	  1.7; 	 0.01; 	"";
 67; 	 458.0953; 	    104; 	  0.1; 	 0.01; 	"";
 68; 	 459.0812; 	    244; 	  0.3; 	 0.01; 	"";
 69; 	 460.3044; 	    386; 	  0.5; 	 0.01; 	"";
 70; 	 461.0841; 	    117; 	  0.2; 	 0.01; 	"";
 71; 	 462.0912; 	  72611; 	100.0; 	 0.01; 	"100.00";
 72; 	 463.1123; 	  18065; 	 24.9; 	 0.01; 	"24.90";
 73; 	 464.1777; 	   1347; 	  1.9; 	 0.01; 	"";
 74; 	 531.2231; 	    193; 	  0.3; 	 0.01; 	"";
 75; 	 551.9692; 	    257; 	  0.4; 	 0.01; 	"";
 76; 	  31.9288; 	    262; 	  0.2; 	 0.10; 	"";
 77; 	  32.1379; 	    188; 	  0.2; 	 0.10; 	"";
 78; 	  39.0194; 	    232; 	  0.2; 	 0.10; 	"";
 79; 	  41.2673; 	    260; 	  0.2; 	 0.10; 	"";
 80; 	  51.0241; 	    524; 	  0.5; 	 0.10; 	"";
 81; 	  51.1003; 	    114; 	  0.1; 	 0.10; 	"";
 82; 	  61.1104; 	    281; 	  0.3; 	 0.10; 	"";
 83; 	  74.0943; 	    519; 	  0.5; 	 0.10; 	"";
 84; 	  74.1805; 	    619; 	  0.6; 	 0.10; 	"";
 85; 	  78.0309; 	    274; 	  0.3; 	 0.10; 	"";
 86; 	  78.1193; 	    111; 	  0.1; 	 0.10; 	"";
 87; 	  92.0941; 	    606; 	  0.6; 	 0.10; 	"";
 88; 	  94.0289; 	    722; 	  0.7; 	 0.10; 	"";
 89; 	 103.5048; 	    164; 	  0.2; 	 0.10; 	"";
 90; 	 130.1082; 	    191; 	  0.2; 	 0.10; 	"";
 91; 	 150.0254; 	  30813; 	 28.6; 	 0.10; 	"28.60";
 92; 	 151.0321; 	   1160; 	  1.1; 	 0.10; 	"";
 93; 	 181.6167; 	    165; 	  0.2; 	 0.10; 	"";
 94; 	 208.0707; 	    106; 	  0.1; 	 0.10; 	"";
 95; 	 243.9831; 	    107; 	  0.1; 	 0.10; 	"";
 96; 	 250.1575; 	    125; 	  0.1; 	 0.10; 	"";
 97; 	 282.9487; 	    267; 	  0.2; 	 0.10; 	"";
 98; 	 419.9004; 	    173; 	  0.2; 	 0.10; 	"";
 99; 	 439.1283; 	    283; 	  0.3; 	 0.10; 	"";
100; 	 442.0936; 	    106; 	  0.1; 	 0.10; 	"";
101; 	 446.0821; 	    378; 	  0.4; 	 0.10; 	"";
102; 	 448.1638; 	    104; 	  0.1; 	 0.10; 	"";
103; 	 449.0102; 	  25403; 	 23.5; 	 0.10; 	"23.50";
104; 	 450.0082; 	   3685; 	  3.4; 	 0.10; 	"";
105; 	 451.0071; 	   1263; 	  1.2; 	 0.10; 	"";
106; 	 453.2296; 	    140; 	  0.1; 	 0.10; 	"";
107; 	 459.1642; 	    468; 	  0.4; 	 0.10; 	"";
108; 	 460.2992; 	    187; 	  0.2; 	 0.10; 	"";
109; 	 461.0996; 	    472; 	  0.4; 	 0.10; 	"";
110; 	 462.0876; 	 107868; 	100.0; 	 0.10; 	"100.00";
111; 	 463.0836; 	  27747; 	 25.7; 	 0.10; 	"25.70";
112; 	 464.3735; 	   3802; 	  3.5; 	 0.10; 	"";
113; 	 465.3635; 	    316; 	  0.3; 	 0.10; 	"";
114; 	 491.6864; 	    121; 	  0.1; 	 0.10; 	"";
115; 	 598.3785; 	    262; 	  0.2; 	 0.10; 	"";
116; 	 652.4845; 	    254; 	  0.2; 	 0.10; 	"";
117; 	 693.7662; 	    279; 	  0.3; 	 0.10; 	"";
118; 	  27.7880; 	    265; 	  0.3; 	 1.00; 	"";
119; 	  32.2003; 	    282; 	  0.3; 	 1.00; 	"";
120; 	  39.0236; 	    524; 	  0.5; 	 1.00; 	"";
121; 	  51.0236; 	   2293; 	  2.2; 	 1.00; 	"";
122; 	  52.0232; 	    222; 	  0.2; 	 1.00; 	"";
123; 	  54.0040; 	    158; 	  0.2; 	 1.00; 	"";
124; 	  64.0318; 	    119; 	  0.1; 	 1.00; 	"";
125; 	  73.3075; 	    257; 	  0.2; 	 1.00; 	"";
126; 	  73.7474; 	    261; 	  0.3; 	 1.00; 	"";
127; 	  74.0985; 	   1224; 	  1.2; 	 1.00; 	"";
128; 	  78.0342; 	   1160; 	  1.1; 	 1.00; 	"";
129; 	  92.0286; 	   2204; 	  2.1; 	 1.00; 	"";
130; 	  93.0325; 	    126; 	  0.1; 	 1.00; 	"";
131; 	  94.0307; 	   2649; 	  2.6; 	 1.00; 	"";
132; 	  94.6799; 	    257; 	  0.2; 	 1.00; 	"";
133; 	 143.9520; 	    149; 	  0.1; 	 1.00; 	"";
134; 	 150.0264; 	 103108; 	100.0; 	 1.00; 	"100.00";
135; 	 151.0338; 	   5936; 	  5.8; 	 1.00; 	"";
136; 	 152.0357; 	    129; 	  0.1; 	 1.00; 	"";
137; 	 167.1928; 	    284; 	  0.3; 	 1.00; 	"";
138; 	 240.9420; 	    256; 	  0.2; 	 1.00; 	"";
139; 	 270.4266; 	    119; 	  0.1; 	 1.00; 	"";
140; 	 297.1443; 	    336; 	  0.3; 	 1.00; 	"";
141; 	 298.1133; 	    101; 	  0.1; 	 1.00; 	"";
142; 	 314.1848; 	    261; 	  0.3; 	 1.00; 	"";
143; 	 409.9339; 	    260; 	  0.3; 	 1.00; 	"";
144; 	 439.0989; 	    279; 	  0.3; 	 1.00; 	"";
145; 	 442.0921; 	    103; 	  0.1; 	 1.00; 	"";
146; 	 443.2522; 	    127; 	  0.1; 	 1.00; 	"";
147; 	 444.3174; 	    208; 	  0.2; 	 1.00; 	"";
148; 	 446.3718; 	    110; 	  0.1; 	 1.00; 	"";
149; 	 449.0084; 	  58919; 	 57.1; 	 1.00; 	"57.10";
150; 	 450.0160; 	  10191; 	  9.9; 	 1.00; 	"";
151; 	 451.0104; 	   3167; 	  3.1; 	 1.00; 	"";
152; 	 452.0137; 	    176; 	  0.2; 	 1.00; 	"";
153; 	 456.3722; 	    482; 	  0.5; 	 1.00; 	"";
154; 	 460.3051; 	    106; 	  0.1; 	 1.00; 	"";
155; 	 462.1000; 	    370; 	  0.4; 	 1.00; 	"";
156; 	 463.0899; 	    107; 	  0.1; 	 1.00; 	"";
157; 	 464.3763; 	    300; 	  0.3; 	 1.00; 	"";
158; 	 465.3636; 	    128; 	  0.1; 	 1.00; 	"";
159; 	 508.0035; 	    262; 	  0.3; 	 1.00; 	"";
160; 	 532.5456; 	    154; 	  0.1; 	 1.00; 	"";
161; 	 582.7330; 	    258; 	  0.3; 	 1.00; 	"";
162; 	 606.7949; 	    262; 	  0.3; 	 1.00; 	"";
163; 	 610.7800; 	    259; 	  0.3; 	 1.00; 	"";
164; 	  39.0232; 	    412; 	  0.7; 	10.00; 	"";
165; 	  44.9976; 	    111; 	  0.2; 	10.00; 	"";
166; 	  49.4293; 	    275; 	  0.5; 	10.00; 	"";
167; 	  50.9022; 	    256; 	  0.4; 	10.00; 	"";
168; 	  51.0214; 	   3314; 	  5.7; 	10.00; 	"";
169; 	  52.0221; 	    297; 	  0.5; 	10.00; 	"";
170; 	  56.1840; 	    260; 	  0.5; 	10.00; 	"";
171; 	  57.7634; 	    273; 	  0.5; 	10.00; 	"";
172; 	  66.0365; 	    134; 	  0.2; 	10.00; 	"";
173; 	  67.0180; 	    115; 	  0.2; 	10.00; 	"";
174; 	  74.0967; 	   1156; 	  2.0; 	10.00; 	"";
175; 	  75.0996; 	    107; 	  0.2; 	10.00; 	"";
176; 	  78.0365; 	   1936; 	  3.3; 	10.00; 	"";
177; 	  79.0402; 	    113; 	  0.2; 	10.00; 	"";
178; 	  81.7471; 	    109; 	  0.2; 	10.00; 	"";
179; 	  92.0273; 	   5132; 	  8.9; 	10.00; 	"";
180; 	  94.0308; 	   4126; 	  7.1; 	10.00; 	"";
181; 	 105.0424; 	    108; 	  0.2; 	10.00; 	"";
182; 	 124.8185; 	    269; 	  0.5; 	10.00; 	"";
183; 	 128.0272; 	    101; 	  0.2; 	10.00; 	"";
184; 	 132.9832; 	    140; 	  0.2; 	10.00; 	"";
185; 	 135.6305; 	    142; 	  0.2; 	10.00; 	"";
186; 	 146.0259; 	    108; 	  0.2; 	10.00; 	"";
187; 	 150.0332; 	  57794; 	100.0; 	10.00; 	"100.00";
188; 	 151.0375; 	   4115; 	  7.1; 	10.00; 	"";
189; 	 160.0746; 	    257; 	  0.4; 	10.00; 	"";
190; 	 162.6574; 	    263; 	  0.5; 	10.00; 	"";
191; 	 164.4897; 	    121; 	  0.2; 	10.00; 	"";
192; 	 186.9901; 	    262; 	  0.5; 	10.00; 	"";
193; 	 231.4912; 	    123; 	  0.2; 	10.00; 	"";
194; 	 239.7089; 	    273; 	  0.5; 	10.00; 	"";
195; 	 263.5982; 	    191; 	  0.3; 	10.00; 	"";
196; 	 319.4568; 	    268; 	  0.5; 	10.00; 	"";
197; 	 440.0757; 	    110; 	  0.2; 	10.00; 	"";
198; 	 443.2165; 	    304; 	  0.5; 	10.00; 	"";
199; 	 449.2829; 	    123; 	  0.2; 	10.00; 	"";
200; 	 459.0876; 	    142; 	  0.2; 	10.00; 	"";
201; 	 462.0814; 	   5674; 	  9.8; 	10.00; 	"";
202; 	 463.0766; 	    821; 	  1.4; 	10.00; 	"";
203; 	 522.4417; 	    285; 	  0.5; 	10.00; 	"";
204; 	 562.1880; 	    262; 	  0.5; 	10.00; 	"";
205; 	  21.3780; 	    242; 	  0.8; 	20.00; 	"";
206; 	  39.0256; 	   2327; 	  8.1; 	20.00; 	"";
207; 	  41.1902; 	    139; 	  0.5; 	20.00; 	"";
208; 	  41.8962; 	    263; 	  0.9; 	20.00; 	"";
209; 	  44.6625; 	    271; 	  0.9; 	20.00; 	"";
210; 	  45.9206; 	    142; 	  0.5; 	20.00; 	"";
211; 	  51.0254; 	   9626; 	 33.5; 	20.00; 	"33.50";
212; 	  52.0191; 	    465; 	  1.6; 	20.00; 	"";
213; 	  53.0008; 	   1382; 	  4.8; 	20.00; 	"";
214; 	  63.0224; 	    111; 	  0.4; 	20.00; 	"";
215; 	  64.0267; 	    212; 	  0.7; 	20.00; 	"";
216; 	  66.0373; 	    796; 	  2.8; 	20.00; 	"";
217; 	  67.0180; 	    364; 	  1.3; 	20.00; 	"";
218; 	  70.0045; 	    118; 	  0.4; 	20.00; 	"";
219; 	  74.0948; 	   2732; 	  9.5; 	20.00; 	"";
220; 	  74.1870; 	    193; 	  0.7; 	20.00; 	"";
221; 	  75.1050; 	    321; 	  1.1; 	20.00; 	"";
222; 	  75.2561; 	    107; 	  0.4; 	20.00; 	"";
223; 	  78.0347; 	   4806; 	 16.7; 	20.00; 	"16.70";
224; 	  92.0269; 	  10052; 	 34.9; 	20.00; 	"34.90";
225; 	  93.0306; 	    250; 	  0.9; 	20.00; 	"";
226; 	  94.0300; 	  12664; 	 44.0; 	20.00; 	"44.00";
227; 	  95.0314; 	    455; 	  1.6; 	20.00; 	"";
228; 	  99.8514; 	    100; 	  0.3; 	20.00; 	"";
229; 	 104.0085; 	    100; 	  0.3; 	20.00; 	"";
230; 	 117.4612; 	    283; 	  1.0; 	20.00; 	"";
231; 	 123.0174; 	    259; 	  0.9; 	20.00; 	"";
232; 	 133.9392; 	    106; 	  0.4; 	20.00; 	"";
233; 	 137.1722; 	    261; 	  0.9; 	20.00; 	"";
234; 	 142.0550; 	    134; 	  0.5; 	20.00; 	"";
235; 	 150.0294; 	  28768; 	100.0; 	20.00; 	"100.00";
236; 	 151.0332; 	   1900; 	  6.6; 	20.00; 	"";
237; 	 178.0571; 	    113; 	  0.4; 	20.00; 	"";
238; 	 179.2503; 	    122; 	  0.4; 	20.00; 	"";
239; 	 185.1176; 	    156; 	  0.5; 	20.00; 	"";
240; 	 201.7872; 	    101; 	  0.3; 	20.00; 	"";
241; 	 212.1153; 	    107; 	  0.4; 	20.00; 	"";
242; 	 221.6660; 	    268; 	  0.9; 	20.00; 	"";
243; 	 281.5959; 	    266; 	  0.9; 	20.00; 	"";
244; 	 284.1057; 	    100; 	  0.3; 	20.00; 	"";
245; 	 313.0474; 	    125; 	  0.4; 	20.00; 	"";
246; 	 316.9051; 	    104; 	  0.4; 	20.00; 	"";
247; 	 440.3077; 	    246; 	  0.9; 	20.00; 	"";
248; 	 445.2896; 	    114; 	  0.4; 	20.00; 	"";
249; 	 454.0433; 	    240; 	  0.8; 	20.00; 	"";
250; 	 455.2550; 	    133; 	  0.5; 	20.00; 	"";
251; 	 460.3179; 	    371; 	  1.3; 	20.00; 	"";
252; 	 462.0886; 	   2352; 	  8.2; 	20.00; 	"";
253; 	 463.0764; 	    153; 	  0.5; 	20.00; 	"";
254; 	 467.8898; 	    263; 	  0.9; 	20.00; 	"";
255; 	 576.2610; 	    254; 	  0.9; 	20.00; 	"";
256; 	 680.6146; 	    265; 	  0.9; 	20.00; 	"";
257; 	  38.9622; 	    113; 	  0.8; 	40.00; 	"";
258; 	  39.0245; 	   5249; 	 35.3; 	40.00; 	"35.30";
259; 	  42.0369; 	    120; 	  0.8; 	40.00; 	"";
260; 	  51.0257; 	  14872; 	100.0; 	40.00; 	"100.00";
261; 	  51.1017; 	    269; 	  1.8; 	40.00; 	"";
262; 	  52.0214; 	    637; 	  4.3; 	40.00; 	"";
263; 	  53.0041; 	   6561; 	 44.1; 	40.00; 	"44.10";
264; 	  53.0820; 	    141; 	  1.0; 	40.00; 	"";
265; 	  55.0571; 	    112; 	  0.8; 	40.00; 	"";
266; 	  59.0487; 	    112; 	  0.8; 	40.00; 	"";
267; 	  59.6168; 	    262; 	  1.8; 	40.00; 	"";
268; 	  63.0254; 	    828; 	  5.6; 	40.00; 	"";
269; 	  64.0300; 	   2385; 	 16.0; 	40.00; 	"16.00";
270; 	  66.0348; 	    109; 	  0.7; 	40.00; 	"";
271; 	  67.0256; 	    225; 	  1.5; 	40.00; 	"";
272; 	  74.0941; 	   2243; 	 15.1; 	40.00; 	"15.10";
273; 	  75.0261; 	    111; 	  0.7; 	40.00; 	"";
274; 	  76.0156; 	    286; 	  1.9; 	40.00; 	"";
275; 	  77.0360; 	    122; 	  0.8; 	40.00; 	"";
276; 	  78.0324; 	   1375; 	  9.2; 	40.00; 	"";
277; 	  83.0840; 	    120; 	  0.8; 	40.00; 	"";
278; 	  92.0278; 	  12584; 	 84.6; 	40.00; 	"84.60";
279; 	  92.1204; 	    258; 	  1.7; 	40.00; 	"";
280; 	  93.0295; 	    416; 	  2.8; 	40.00; 	"";
281; 	  94.0314; 	   8796; 	 59.1; 	40.00; 	"59.10";
282; 	  95.0326; 	    375; 	  2.5; 	40.00; 	"";
283; 	 111.0889; 	    109; 	  0.7; 	40.00; 	"";
284; 	 132.0397; 	    120; 	  0.8; 	40.00; 	"";
285; 	 149.0327; 	    109; 	  0.7; 	40.00; 	"";
286; 	 150.0255; 	    634; 	  4.3; 	40.00; 	"";
287; 	 167.0466; 	    114; 	  0.8; 	40.00; 	"";
288; 	 190.0442; 	    131; 	  0.9; 	40.00; 	"";
289; 	 197.7691; 	    107; 	  0.7; 	40.00; 	"";
290; 	 206.8289; 	    174; 	  1.2; 	40.00; 	"";
291; 	 264.0605; 	    102; 	  0.7; 	40.00; 	"";
292; 	 270.1688; 	    258; 	  1.7; 	40.00; 	"";
293; 	 277.0816; 	    106; 	  0.7; 	40.00; 	"";
294; 	 281.2424; 	    258; 	  1.7; 	40.00; 	"";
295; 	 314.5175; 	    130; 	  0.9; 	40.00; 	"";
296; 	 326.2744; 	    235; 	  1.6; 	40.00; 	"";
297; 	 415.1953; 	    110; 	  0.7; 	40.00; 	"";
298; 	 614.4291; 	    111; 	  0.7; 	40.00; 	"";
299; 	 617.2134; 	    260; 	  1.8; 	40.00; 	"";
300; 	 675.0399; 	    266; 	  1.8; 	40.00; 	"";
301; 	 693.6066; 	    257; 	  1.7; 	40.00; 	"";
