  0; 	  37.0069; 	    267; 	  1.2; 	 0.00; 	"";
  1; 	  77.0348; 	    466; 	  2.1; 	 0.00; 	"";
  2; 	  77.1231; 	    370; 	  1.7; 	 0.00; 	"";
  3; 	 107.0460; 	   8180; 	 37.7; 	 0.00; 	"37.70";
  4; 	 108.0522; 	    470; 	  2.2; 	 0.00; 	"";
  5; 	 134.2882; 	    285; 	  1.3; 	 0.00; 	"";
  6; 	 135.0519; 	  21697; 	100.0; 	 0.00; 	"100.00";
  7; 	 136.0569; 	   1468; 	  6.8; 	 0.00; 	"";
  8; 	 176.8019; 	    243; 	  1.1; 	 0.00; 	"";
  9; 	 249.3242; 	    272; 	  1.3; 	 0.00; 	"";
 10; 	 303.7287; 	    260; 	  1.2; 	 0.00; 	"";
 11; 	 413.4452; 	    131; 	  0.6; 	 0.00; 	"";
 12; 	 417.1559; 	   1779; 	  8.2; 	 0.00; 	"";
 13; 	 418.5443; 	    654; 	  3.0; 	 0.00; 	"";
 14; 	 419.0591; 	  13989; 	 64.5; 	 0.00; 	"64.50";
 15; 	 420.0671; 	   1655; 	  7.6; 	 0.00; 	"";
 16; 	 421.0579; 	    104; 	  0.5; 	 0.00; 	"";
 17; 	 422.0916; 	    101; 	  0.5; 	 0.00; 	"";
 18; 	 423.2392; 	    131; 	  0.6; 	 0.00; 	"";
 19; 	 433.0958; 	    102; 	  0.5; 	 0.00; 	"";
 20; 	 445.0723; 	    267; 	  1.2; 	 0.00; 	"";
 21; 	  64.0307; 	    114; 	  0.5; 	 0.01; 	"";
 22; 	  77.0362; 	    443; 	  2.1; 	 0.01; 	"";
 23; 	  78.0491; 	    125; 	  0.6; 	 0.01; 	"";
 24; 	  87.7073; 	    102; 	  0.5; 	 0.01; 	"";
 25; 	  92.0744; 	    107; 	  0.5; 	 0.01; 	"";
 26; 	 107.0495; 	   7599; 	 36.5; 	 0.01; 	"36.50";
 27; 	 108.0542; 	    375; 	  1.8; 	 0.01; 	"";
 28; 	 135.0570; 	  20818; 	100.0; 	 0.01; 	"100.00";
 29; 	 136.0578; 	   1528; 	  7.3; 	 0.01; 	"";
 30; 	 154.2847; 	    268; 	  1.3; 	 0.01; 	"";
 31; 	 387.0025; 	    265; 	  1.3; 	 0.01; 	"";
 32; 	 417.1569; 	   1980; 	  9.5; 	 0.01; 	"";
 33; 	 419.0554; 	  13405; 	 64.4; 	 0.01; 	"64.40";
 34; 	 420.0600; 	   2307; 	 11.1; 	 0.01; 	"11.10";
 35; 	 421.0564; 	    427; 	  2.1; 	 0.01; 	"";
 36; 	 428.1124; 	    128; 	  0.6; 	 0.01; 	"";
 37; 	 529.2928; 	    141; 	  0.7; 	 0.01; 	"";
 38; 	 568.1608; 	    261; 	  1.3; 	 0.01; 	"";
 39; 	  48.0896; 	    267; 	  1.3; 	 0.10; 	"";
 40; 	  74.0913; 	    100; 	  0.5; 	 0.10; 	"";
 41; 	  77.0376; 	    868; 	  4.2; 	 0.10; 	"";
 42; 	  88.6928; 	    118; 	  0.6; 	 0.10; 	"";
 43; 	 107.0493; 	   8579; 	 41.5; 	 0.10; 	"41.50";
 44; 	 108.0452; 	    111; 	  0.5; 	 0.10; 	"";
 45; 	 135.0570; 	  20665; 	100.0; 	 0.10; 	"100.00";
 46; 	 136.0634; 	   1138; 	  5.5; 	 0.10; 	"";
 47; 	 231.2542; 	    212; 	  1.0; 	 0.10; 	"";
 48; 	 234.2307; 	    102; 	  0.5; 	 0.10; 	"";
 49; 	 244.8217; 	    257; 	  1.2; 	 0.10; 	"";
 50; 	 293.8244; 	    274; 	  1.3; 	 0.10; 	"";
 51; 	 413.2685; 	    165; 	  0.8; 	 0.10; 	"";
 52; 	 417.1679; 	   3152; 	 15.3; 	 0.10; 	"15.30";
 53; 	 418.1622; 	    862; 	  4.2; 	 0.10; 	"";
 54; 	 419.0613; 	  12637; 	 61.2; 	 0.10; 	"61.20";
 55; 	 420.0584; 	   1741; 	  8.4; 	 0.10; 	"";
 56; 	 421.0524; 	    755; 	  3.7; 	 0.10; 	"";
 57; 	 631.2309; 	    182; 	  0.9; 	 0.10; 	"";
 58; 	  23.5431; 	    270; 	  1.4; 	 1.00; 	"";
 59; 	  63.0077; 	    255; 	  1.3; 	 1.00; 	"";
 60; 	  77.0411; 	    382; 	  2.0; 	 1.00; 	"";
 61; 	 107.0502; 	   6467; 	 33.9; 	 1.00; 	"33.90";
 62; 	 109.0497; 	    107; 	  0.6; 	 1.00; 	"";
 63; 	 135.0566; 	  19082; 	100.0; 	 1.00; 	"100.00";
 64; 	 136.0545; 	   1167; 	  6.1; 	 1.00; 	"";
 65; 	 146.8841; 	    144; 	  0.8; 	 1.00; 	"";
 66; 	 191.7399; 	    261; 	  1.4; 	 1.00; 	"";
 67; 	 224.4322; 	    261; 	  1.4; 	 1.00; 	"";
 68; 	 253.4940; 	    130; 	  0.7; 	 1.00; 	"";
 69; 	 417.2547; 	   2848; 	 14.9; 	 1.00; 	"14.90";
 70; 	 418.1677; 	    105; 	  0.6; 	 1.00; 	"";
 71; 	 419.1753; 	   6962; 	 36.5; 	 1.00; 	"36.50";
 72; 	 419.7865; 	   1043; 	  5.5; 	 1.00; 	"";
 73; 	 421.0477; 	    122; 	  0.6; 	 1.00; 	"";
 74; 	 561.6568; 	    262; 	  1.4; 	 1.00; 	"";
 75; 	 618.3599; 	    274; 	  1.4; 	 1.00; 	"";
 76; 	  77.0409; 	   1768; 	  7.0; 	10.00; 	"";
 77; 	  77.1265; 	    110; 	  0.4; 	10.00; 	"";
 78; 	  78.0400; 	    135; 	  0.5; 	10.00; 	"";
 79; 	  79.0530; 	    122; 	  0.5; 	10.00; 	"";
 80; 	  92.0283; 	    313; 	  1.2; 	10.00; 	"";
 81; 	  92.1452; 	    133; 	  0.5; 	10.00; 	"";
 82; 	 107.1457; 	  25196; 	100.0; 	10.00; 	"100.00";
 83; 	 108.0516; 	    994; 	  3.9; 	10.00; 	"";
 84; 	 109.1904; 	    201; 	  0.8; 	10.00; 	"";
 85; 	 119.2665; 	    265; 	  1.1; 	10.00; 	"";
 86; 	 135.1601; 	  15133; 	 60.1; 	10.00; 	"60.10";
 87; 	 136.0617; 	    646; 	  2.6; 	10.00; 	"";
 88; 	 317.9926; 	    284; 	  1.1; 	10.00; 	"";
 89; 	 344.6298; 	    385; 	  1.5; 	10.00; 	"";
 90; 	 416.9070; 	   2394; 	  9.5; 	10.00; 	"";
 91; 	 418.1675; 	    214; 	  0.9; 	10.00; 	"";
 92; 	 467.9061; 	    259; 	  1.0; 	10.00; 	"";
 93; 	 624.1711; 	    261; 	  1.0; 	10.00; 	"";
 94; 	 663.1516; 	    282; 	  1.1; 	10.00; 	"";
 95; 	 690.5806; 	    256; 	  1.0; 	10.00; 	"";
 96; 	  51.3518; 	    106; 	  0.5; 	20.00; 	"";
 97; 	  63.0545; 	    106; 	  0.5; 	20.00; 	"";
 98; 	  77.0435; 	   2631; 	 13.2; 	20.00; 	"13.20";
 99; 	  77.1265; 	    350; 	  1.8; 	20.00; 	"";
100; 	  78.0595; 	    113; 	  0.6; 	20.00; 	"";
101; 	  79.0751; 	    124; 	  0.6; 	20.00; 	"";
102; 	  92.0421; 	    735; 	  3.7; 	20.00; 	"";
103; 	  93.0383; 	    128; 	  0.6; 	20.00; 	"";
104; 	 107.1192; 	  19966; 	100.0; 	20.00; 	"100.00";
105; 	 108.0487; 	    612; 	  3.1; 	20.00; 	"";
106; 	 118.4946; 	    192; 	  1.0; 	20.00; 	"";
107; 	 135.0362; 	   2250; 	 11.3; 	20.00; 	"11.30";
108; 	 136.1248; 	    317; 	  1.6; 	20.00; 	"";
109; 	 174.6585; 	    124; 	  0.6; 	20.00; 	"";
110; 	 216.8674; 	    259; 	  1.3; 	20.00; 	"";
111; 	 227.5912; 	    275; 	  1.4; 	20.00; 	"";
112; 	 244.8657; 	    266; 	  1.3; 	20.00; 	"";
113; 	 285.7713; 	    255; 	  1.3; 	20.00; 	"";
114; 	 373.9162; 	    154; 	  0.8; 	20.00; 	"";
115; 	 383.2277; 	    265; 	  1.3; 	20.00; 	"";
116; 	 416.8816; 	    100; 	  0.5; 	20.00; 	"";
117; 	 447.6267; 	    222; 	  1.1; 	20.00; 	"";
118; 	 590.0986; 	    265; 	  1.3; 	20.00; 	"";
119; 	  33.4124; 	    112; 	  0.8; 	40.00; 	"";
120; 	  39.0261; 	    121; 	  0.8; 	40.00; 	"";
121; 	  51.0218; 	    135; 	  0.9; 	40.00; 	"";
122; 	  54.9744; 	    262; 	  1.8; 	40.00; 	"";
123; 	  63.0187; 	    102; 	  0.7; 	40.00; 	"";
124; 	  64.0301; 	    103; 	  0.7; 	40.00; 	"";
125; 	  64.1134; 	    177; 	  1.2; 	40.00; 	"";
126; 	  77.0395; 	  14729; 	100.0; 	40.00; 	"100.00";
127; 	  77.1275; 	   3216; 	 21.8; 	40.00; 	"21.80";
128; 	  78.0422; 	    554; 	  3.8; 	40.00; 	"";
129; 	  78.1285; 	    176; 	  1.2; 	40.00; 	"";
130; 	  79.0545; 	    579; 	  3.9; 	40.00; 	"";
131; 	  79.1407; 	    237; 	  1.6; 	40.00; 	"";
132; 	  92.0265; 	   5482; 	 37.2; 	40.00; 	"37.20";
133; 	  92.1202; 	    112; 	  0.8; 	40.00; 	"";
134; 	  93.0312; 	    110; 	  0.7; 	40.00; 	"";
135; 	  97.4526; 	    110; 	  0.7; 	40.00; 	"";
136; 	 107.0505; 	   9195; 	 62.4; 	40.00; 	"62.40";
137; 	 108.0519; 	    397; 	  2.7; 	40.00; 	"";
138; 	 206.8890; 	    258; 	  1.8; 	40.00; 	"";
139; 	 436.9804; 	    229; 	  1.6; 	40.00; 	"";
140; 	 512.0821; 	    276; 	  1.9; 	40.00; 	"";
141; 	 531.2528; 	    222; 	  1.5; 	40.00; 	"";
142; 	 679.1393; 	    280; 	  1.9; 	40.00; 	"";
