  0; 	  28.4144; 	    107; 	  0.0; 	 0.00; 	"";
  1; 	  39.0210; 	    645; 	  0.2; 	 0.00; 	"";
  2; 	  46.6977; 	    132; 	  0.0; 	 0.00; 	"";
  3; 	  51.0231; 	   1155; 	  0.4; 	 0.00; 	"";
  4; 	  53.9991; 	    178; 	  0.1; 	 0.00; 	"";
  5; 	  57.0392; 	    142; 	  0.0; 	 0.00; 	"";
  6; 	  63.0216; 	    544; 	  0.2; 	 0.00; 	"";
  7; 	  64.0274; 	   1604; 	  0.5; 	 0.00; 	"";
  8; 	  65.0419; 	    613; 	  0.2; 	 0.00; 	"";
  9; 	  67.0159; 	    164; 	  0.1; 	 0.00; 	"";
 10; 	  70.2218; 	    120; 	  0.0; 	 0.00; 	"";
 11; 	  74.0155; 	    335; 	  0.1; 	 0.00; 	"";
 12; 	  75.0224; 	  19769; 	  6.1; 	 0.00; 	"";
 13; 	  76.0299; 	   1606; 	  0.5; 	 0.00; 	"";
 14; 	  77.0273; 	    125; 	  0.0; 	 0.00; 	"";
 15; 	  92.0256; 	  20595; 	  6.4; 	 0.00; 	"";
 16; 	  93.0314; 	   1893; 	  0.6; 	 0.00; 	"";
 17; 	  94.0373; 	    112; 	  0.0; 	 0.00; 	"";
 18; 	 107.0543; 	    111; 	  0.0; 	 0.00; 	"";
 19; 	 109.0991; 	    108; 	  0.0; 	 0.00; 	"";
 20; 	 120.0441; 	    132; 	  0.0; 	 0.00; 	"";
 21; 	 121.0233; 	   4399; 	  1.4; 	 0.00; 	"";
 22; 	 122.0246; 	 324263; 	100.0; 	 0.00; 	"100.00";
 23; 	 122.1517; 	    127; 	  0.0; 	 0.00; 	"";
 24; 	 123.0262; 	  23699; 	  7.3; 	 0.00; 	"";
 25; 	 124.0286; 	   1604; 	  0.5; 	 0.00; 	"";
 26; 	 128.7316; 	    148; 	  0.0; 	 0.00; 	"";
 27; 	 129.4213; 	    110; 	  0.0; 	 0.00; 	"";
 28; 	 131.3801; 	    262; 	  0.1; 	 0.00; 	"";
 29; 	 134.0844; 	    106; 	  0.0; 	 0.00; 	"";
 30; 	 140.0313; 	    835; 	  0.3; 	 0.00; 	"";
 31; 	 148.0382; 	    990; 	  0.3; 	 0.00; 	"";
 32; 	 149.0382; 	   2565; 	  0.8; 	 0.00; 	"";
 33; 	 150.0286; 	  84854; 	 26.2; 	 0.00; 	"26.20";
 34; 	 151.0319; 	   5647; 	  1.7; 	 0.00; 	"";
 35; 	 152.0595; 	    516; 	  0.2; 	 0.00; 	"";
 36; 	 154.0624; 	    225; 	  0.1; 	 0.00; 	"";
 37; 	 155.0477; 	    112; 	  0.0; 	 0.00; 	"";
 38; 	 157.0228; 	    101; 	  0.0; 	 0.00; 	"";
 39; 	 158.9664; 	    117; 	  0.0; 	 0.00; 	"";
 40; 	 163.0772; 	    147; 	  0.0; 	 0.00; 	"";
 41; 	 206.4561; 	    171; 	  0.1; 	 0.00; 	"";
 42; 	 250.3827; 	    160; 	  0.0; 	 0.00; 	"";
 43; 	 284.7055; 	    106; 	  0.0; 	 0.00; 	"";
 44; 	 313.0346; 	    259; 	  0.1; 	 0.00; 	"";
 45; 	 367.3296; 	    259; 	  0.1; 	 0.00; 	"";
 46; 	 397.7398; 	    128; 	  0.0; 	 0.00; 	"";
 47; 	 423.0944; 	    370; 	  0.1; 	 0.00; 	"";
 48; 	 486.0623; 	    261; 	  0.1; 	 0.00; 	"";
 49; 	 499.0800; 	    274; 	  0.1; 	 0.00; 	"";
 50; 	  24.3886; 	    269; 	  0.1; 	 0.01; 	"";
 51; 	  31.5110; 	    188; 	  0.1; 	 0.01; 	"";
 52; 	  33.3119; 	    274; 	  0.1; 	 0.01; 	"";
 53; 	  36.1455; 	    184; 	  0.1; 	 0.01; 	"";
 54; 	  39.0245; 	    778; 	  0.3; 	 0.01; 	"";
 55; 	  50.3651; 	    248; 	  0.1; 	 0.01; 	"";
 56; 	  51.0240; 	    444; 	  0.1; 	 0.01; 	"";
 57; 	  52.0195; 	    337; 	  0.1; 	 0.01; 	"";
 58; 	  63.0250; 	    459; 	  0.2; 	 0.01; 	"";
 59; 	  64.0306; 	   1990; 	  0.7; 	 0.01; 	"";
 60; 	  65.0401; 	    235; 	  0.1; 	 0.01; 	"";
 61; 	  67.0178; 	    131; 	  0.0; 	 0.01; 	"";
 62; 	  74.0127; 	    559; 	  0.2; 	 0.01; 	"";
 63; 	  75.0212; 	  17158; 	  5.7; 	 0.01; 	"";
 64; 	  76.0274; 	   1349; 	  0.4; 	 0.01; 	"";
 65; 	  77.0238; 	    139; 	  0.0; 	 0.01; 	"";
 66; 	  91.0926; 	    284; 	  0.1; 	 0.01; 	"";
 67; 	  92.0226; 	  17676; 	  5.9; 	 0.01; 	"";
 68; 	  93.0330; 	   1364; 	  0.5; 	 0.01; 	"";
 69; 	  99.2614; 	    141; 	  0.0; 	 0.01; 	"";
 70; 	 111.0460; 	    127; 	  0.0; 	 0.01; 	"";
 71; 	 117.0559; 	    102; 	  0.0; 	 0.01; 	"";
 72; 	 120.0469; 	    147; 	  0.0; 	 0.01; 	"";
 73; 	 121.0254; 	   4490; 	  1.5; 	 0.01; 	"";
 74; 	 122.0225; 	 301574; 	100.0; 	 0.01; 	"100.00";
 75; 	 122.1450; 	    485; 	  0.2; 	 0.01; 	"";
 76; 	 123.0272; 	  21981; 	  7.3; 	 0.01; 	"";
 77; 	 124.0252; 	   1405; 	  0.5; 	 0.01; 	"";
 78; 	 140.0330; 	   1209; 	  0.4; 	 0.01; 	"";
 79; 	 148.0392; 	    256; 	  0.1; 	 0.01; 	"";
 80; 	 149.0345; 	   1833; 	  0.6; 	 0.01; 	"";
 81; 	 150.0314; 	  78342; 	 26.0; 	 0.01; 	"26.00";
 82; 	 151.0362; 	   5406; 	  1.8; 	 0.01; 	"";
 83; 	 152.0674; 	    504; 	  0.2; 	 0.01; 	"";
 84; 	 153.0618; 	    133; 	  0.0; 	 0.01; 	"";
 85; 	 158.1006; 	    142; 	  0.0; 	 0.01; 	"";
 86; 	 158.9550; 	    114; 	  0.0; 	 0.01; 	"";
 87; 	 163.0872; 	    358; 	  0.1; 	 0.01; 	"";
 88; 	 166.0457; 	    163; 	  0.1; 	 0.01; 	"";
 89; 	 177.4995; 	    139; 	  0.0; 	 0.01; 	"";
 90; 	 181.3970; 	    107; 	  0.0; 	 0.01; 	"";
 91; 	 212.8305; 	    146; 	  0.0; 	 0.01; 	"";
 92; 	 276.8972; 	    136; 	  0.0; 	 0.01; 	"";
 93; 	 345.3413; 	    104; 	  0.0; 	 0.01; 	"";
 94; 	 440.2371; 	    196; 	  0.1; 	 0.01; 	"";
 95; 	 449.2642; 	    261; 	  0.1; 	 0.01; 	"";
 96; 	 459.9034; 	    261; 	  0.1; 	 0.01; 	"";
 97; 	 503.4817; 	    257; 	  0.1; 	 0.01; 	"";
 98; 	 514.2355; 	    285; 	  0.1; 	 0.01; 	"";
 99; 	 667.9985; 	    115; 	  0.0; 	 0.01; 	"";
100; 	  28.4741; 	    115; 	  0.0; 	 0.10; 	"";
101; 	  33.8944; 	    258; 	  0.1; 	 0.10; 	"";
102; 	  39.0214; 	   1600; 	  0.5; 	 0.10; 	"";
103; 	  44.0088; 	    101; 	  0.0; 	 0.10; 	"";
104; 	  49.3440; 	    259; 	  0.1; 	 0.10; 	"";
105; 	  51.0251; 	    357; 	  0.1; 	 0.10; 	"";
106; 	  52.0212; 	    100; 	  0.0; 	 0.10; 	"";
107; 	  53.0039; 	    110; 	  0.0; 	 0.10; 	"";
108; 	  63.0253; 	    733; 	  0.2; 	 0.10; 	"";
109; 	  64.0316; 	   1749; 	  0.5; 	 0.10; 	"";
110; 	  65.0400; 	    319; 	  0.1; 	 0.10; 	"";
111; 	  72.7543; 	    265; 	  0.1; 	 0.10; 	"";
112; 	  74.0138; 	    615; 	  0.2; 	 0.10; 	"";
113; 	  75.0229; 	  20682; 	  5.8; 	 0.10; 	"";
114; 	  76.0250; 	    921; 	  0.3; 	 0.10; 	"";
115; 	  77.0335; 	    114; 	  0.0; 	 0.10; 	"";
116; 	  85.8964; 	    257; 	  0.1; 	 0.10; 	"";
117; 	  92.0272; 	  21026; 	  5.9; 	 0.10; 	"";
118; 	  93.0335; 	   2161; 	  0.6; 	 0.10; 	"";
119; 	  94.0410; 	    155; 	  0.0; 	 0.10; 	"";
120; 	 106.0463; 	    128; 	  0.0; 	 0.10; 	"";
121; 	 111.0402; 	    137; 	  0.0; 	 0.10; 	"";
122; 	 121.0239; 	   6100; 	  1.7; 	 0.10; 	"";
123; 	 122.0221; 	 354706; 	100.0; 	 0.10; 	"100.00";
124; 	 122.1708; 	    515; 	  0.1; 	 0.10; 	"";
125; 	 123.0189; 	  27033; 	  7.6; 	 0.10; 	"";
126; 	 124.0301; 	   1201; 	  0.3; 	 0.10; 	"";
127; 	 125.0293; 	    104; 	  0.0; 	 0.10; 	"";
128; 	 129.0555; 	    129; 	  0.0; 	 0.10; 	"";
129; 	 140.0358; 	   1103; 	  0.3; 	 0.10; 	"";
130; 	 146.1019; 	    139; 	  0.0; 	 0.10; 	"";
131; 	 147.0680; 	    141; 	  0.0; 	 0.10; 	"";
132; 	 149.0321; 	   2161; 	  0.6; 	 0.10; 	"";
133; 	 150.0292; 	  83838; 	 23.6; 	 0.10; 	"23.60";
134; 	 151.0296; 	   5981; 	  1.7; 	 0.10; 	"";
135; 	 152.0623; 	    515; 	  0.1; 	 0.10; 	"";
136; 	 153.0432; 	    108; 	  0.0; 	 0.10; 	"";
137; 	 157.0509; 	    416; 	  0.1; 	 0.10; 	"";
138; 	 179.8063; 	    264; 	  0.1; 	 0.10; 	"";
139; 	 191.5533; 	    262; 	  0.1; 	 0.10; 	"";
140; 	 199.6826; 	    270; 	  0.1; 	 0.10; 	"";
141; 	 237.3988; 	    258; 	  0.1; 	 0.10; 	"";
142; 	 258.2515; 	    209; 	  0.1; 	 0.10; 	"";
143; 	 323.7976; 	    281; 	  0.1; 	 0.10; 	"";
144; 	 335.9412; 	    283; 	  0.1; 	 0.10; 	"";
145; 	 358.2926; 	    105; 	  0.0; 	 0.10; 	"";
146; 	 375.8362; 	    223; 	  0.1; 	 0.10; 	"";
147; 	 495.6783; 	    198; 	  0.1; 	 0.10; 	"";
148; 	 600.6093; 	    110; 	  0.0; 	 0.10; 	"";
149; 	 639.3888; 	    257; 	  0.1; 	 0.10; 	"";
150; 	  20.2355; 	    259; 	  0.0; 	 1.00; 	"";
151; 	  29.2574; 	    138; 	  0.0; 	 1.00; 	"";
152; 	  33.5253; 	    257; 	  0.0; 	 1.00; 	"";
153; 	  39.0227; 	   2821; 	  0.5; 	 1.00; 	"";
154; 	  44.9962; 	    115; 	  0.0; 	 1.00; 	"";
155; 	  50.8980; 	    138; 	  0.0; 	 1.00; 	"";
156; 	  51.0238; 	   2494; 	  0.5; 	 1.00; 	"";
157; 	  52.0196; 	    922; 	  0.2; 	 1.00; 	"";
158; 	  53.0031; 	    144; 	  0.0; 	 1.00; 	"";
159; 	  53.9944; 	    453; 	  0.1; 	 1.00; 	"";
160; 	  63.0243; 	    827; 	  0.2; 	 1.00; 	"";
161; 	  64.0324; 	   4682; 	  0.9; 	 1.00; 	"";
162; 	  65.0399; 	    809; 	  0.2; 	 1.00; 	"";
163; 	  66.0363; 	    240; 	  0.0; 	 1.00; 	"";
164; 	  67.0197; 	    346; 	  0.1; 	 1.00; 	"";
165; 	  74.0705; 	   1068; 	  0.2; 	 1.00; 	"";
166; 	  75.0236; 	  37553; 	  7.0; 	 1.00; 	"";
167; 	  75.0993; 	   1013; 	  0.2; 	 1.00; 	"";
168; 	  76.0270; 	   2789; 	  0.5; 	 1.00; 	"";
169; 	  76.1139; 	    107; 	  0.0; 	 1.00; 	"";
170; 	  77.0274; 	    918; 	  0.2; 	 1.00; 	"";
171; 	  77.9688; 	    147; 	  0.0; 	 1.00; 	"";
172; 	  78.2986; 	    122; 	  0.0; 	 1.00; 	"";
173; 	  90.2697; 	    266; 	  0.0; 	 1.00; 	"";
174; 	  92.0252; 	  38737; 	  7.2; 	 1.00; 	"";
175; 	  92.1206; 	    744; 	  0.1; 	 1.00; 	"";
176; 	  93.0336; 	   4584; 	  0.9; 	 1.00; 	"";
177; 	  94.0414; 	    745; 	  0.1; 	 1.00; 	"";
178; 	 104.3613; 	    261; 	  0.0; 	 1.00; 	"";
179; 	 121.0279; 	   6635; 	  1.2; 	 1.00; 	"";
180; 	 122.0237; 	 537573; 	100.0; 	 1.00; 	"100.00";
181; 	 122.1524; 	    383; 	  0.1; 	 1.00; 	"";
182; 	 123.0276; 	  44283; 	  8.2; 	 1.00; 	"";
183; 	 124.0262; 	   2881; 	  0.5; 	 1.00; 	"";
184; 	 140.0378; 	   1724; 	  0.3; 	 1.00; 	"";
185; 	 141.0418; 	    100; 	  0.0; 	 1.00; 	"";
186; 	 144.1970; 	    393; 	  0.1; 	 1.00; 	"";
187; 	 149.0208; 	   1767; 	  0.3; 	 1.00; 	"";
188; 	 150.0281; 	  79135; 	 14.7; 	 1.00; 	"14.70";
189; 	 151.0298; 	   6000; 	  1.1; 	 1.00; 	"";
190; 	 152.0608; 	    793; 	  0.1; 	 1.00; 	"";
191; 	 153.0683; 	    119; 	  0.0; 	 1.00; 	"";
192; 	 154.0657; 	    217; 	  0.0; 	 1.00; 	"";
193; 	 155.0402; 	    163; 	  0.0; 	 1.00; 	"";
194; 	 155.9755; 	    210; 	  0.0; 	 1.00; 	"";
195; 	 157.0280; 	    238; 	  0.0; 	 1.00; 	"";
196; 	 159.1152; 	    189; 	  0.0; 	 1.00; 	"";
197; 	 199.7537; 	    105; 	  0.0; 	 1.00; 	"";
198; 	 210.3250; 	    257; 	  0.0; 	 1.00; 	"";
199; 	 297.1785; 	    138; 	  0.0; 	 1.00; 	"";
200; 	 310.0167; 	    268; 	  0.0; 	 1.00; 	"";
201; 	 337.1494; 	    114; 	  0.0; 	 1.00; 	"";
202; 	 357.9264; 	    261; 	  0.0; 	 1.00; 	"";
203; 	 395.9362; 	    104; 	  0.0; 	 1.00; 	"";
204; 	 405.5863; 	    258; 	  0.0; 	 1.00; 	"";
205; 	 454.4306; 	    274; 	  0.1; 	 1.00; 	"";
206; 	  23.7699; 	    173; 	  0.3; 	10.00; 	"";
207; 	  39.0241; 	   2261; 	  3.4; 	10.00; 	"";
208; 	  51.0243; 	   1648; 	  2.5; 	10.00; 	"";
209; 	  52.0187; 	    399; 	  0.6; 	10.00; 	"";
210; 	  55.0551; 	    230; 	  0.3; 	10.00; 	"";
211; 	  56.0043; 	    161; 	  0.2; 	10.00; 	"";
212; 	  63.0245; 	   2631; 	  4.0; 	10.00; 	"";
213; 	  64.0314; 	   8277; 	 12.5; 	10.00; 	"12.50";
214; 	  65.0406; 	   1180; 	  1.8; 	10.00; 	"";
215; 	  67.0167; 	    129; 	  0.2; 	10.00; 	"";
216; 	  69.9898; 	    154; 	  0.2; 	10.00; 	"";
217; 	  74.0174; 	    564; 	  0.9; 	10.00; 	"";
218; 	  75.0225; 	  65955; 	100.0; 	10.00; 	"100.00";
219; 	  75.0983; 	    384; 	  0.6; 	10.00; 	"";
220; 	  76.0296; 	   4919; 	  7.5; 	10.00; 	"";
221; 	  77.0317; 	    496; 	  0.8; 	10.00; 	"";
222; 	  79.0211; 	    199; 	  0.3; 	10.00; 	"";
223; 	  89.0388; 	    103; 	  0.2; 	10.00; 	"";
224; 	  92.0273; 	  48718; 	 73.9; 	10.00; 	"73.90";
225; 	  93.0346; 	   3594; 	  5.4; 	10.00; 	"";
226; 	  94.0317; 	    107; 	  0.2; 	10.00; 	"";
227; 	  94.5924; 	    100; 	  0.2; 	10.00; 	"";
228; 	 105.0691; 	    109; 	  0.2; 	10.00; 	"";
229; 	 107.0122; 	    772; 	  1.2; 	10.00; 	"";
230; 	 111.0428; 	    100; 	  0.2; 	10.00; 	"";
231; 	 116.0468; 	    258; 	  0.4; 	10.00; 	"";
232; 	 120.0483; 	   1611; 	  2.4; 	10.00; 	"";
233; 	 121.0464; 	    100; 	  0.2; 	10.00; 	"";
234; 	 122.0256; 	  41117; 	 62.3; 	10.00; 	"62.30";
235; 	 123.0285; 	   2614; 	  4.0; 	10.00; 	"";
236; 	 124.0250; 	    149; 	  0.2; 	10.00; 	"";
237; 	 130.0285; 	    101; 	  0.2; 	10.00; 	"";
238; 	 131.0829; 	    103; 	  0.2; 	10.00; 	"";
239; 	 139.4316; 	    130; 	  0.2; 	10.00; 	"";
240; 	 148.0396; 	    121; 	  0.2; 	10.00; 	"";
241; 	 152.0609; 	    118; 	  0.2; 	10.00; 	"";
242; 	 156.7860; 	    262; 	  0.4; 	10.00; 	"";
243; 	 166.4830; 	    258; 	  0.4; 	10.00; 	"";
244; 	 218.1133; 	    207; 	  0.3; 	10.00; 	"";
245; 	 234.0400; 	    249; 	  0.4; 	10.00; 	"";
246; 	 260.2986; 	    244; 	  0.4; 	10.00; 	"";
247; 	 281.4723; 	    259; 	  0.4; 	10.00; 	"";
248; 	 403.4558; 	    257; 	  0.4; 	10.00; 	"";
249; 	 432.5285; 	    280; 	  0.4; 	10.00; 	"";
250; 	 552.9629; 	    257; 	  0.4; 	10.00; 	"";
251; 	 560.8024; 	    265; 	  0.4; 	10.00; 	"";
252; 	 629.6970; 	    163; 	  0.2; 	10.00; 	"";
253; 	 652.2040; 	    282; 	  0.4; 	10.00; 	"";
254; 	  38.0164; 	    228; 	  0.1; 	20.00; 	"";
255; 	  39.0226; 	    933; 	  0.5; 	20.00; 	"";
256; 	  50.0163; 	   1369; 	  0.7; 	20.00; 	"";
257; 	  51.0221; 	    893; 	  0.5; 	20.00; 	"";
258; 	  53.0023; 	    226; 	  0.1; 	20.00; 	"";
259; 	  53.9986; 	    270; 	  0.1; 	20.00; 	"";
260; 	  55.0163; 	    113; 	  0.1; 	20.00; 	"";
261; 	  63.0234; 	  16187; 	  8.7; 	20.00; 	"";
262; 	  64.0319; 	  22865; 	 12.3; 	20.00; 	"12.30";
263; 	  65.0376; 	   4270; 	  2.3; 	20.00; 	"";
264; 	  66.0431; 	    111; 	  0.1; 	20.00; 	"";
265; 	  68.0182; 	    167; 	  0.1; 	20.00; 	"";
266; 	  68.7311; 	    168; 	  0.1; 	20.00; 	"";
267; 	  73.0031; 	    113; 	  0.1; 	20.00; 	"";
268; 	  73.0767; 	    129; 	  0.1; 	20.00; 	"";
269; 	  74.0153; 	   4514; 	  2.4; 	20.00; 	"";
270; 	  75.0215; 	 186383; 	100.0; 	20.00; 	"100.00";
271; 	  75.0976; 	   2663; 	  1.4; 	20.00; 	"";
272; 	  76.0272; 	  20196; 	 10.8; 	20.00; 	"10.80";
273; 	  77.0293; 	   1090; 	  0.6; 	20.00; 	"";
274; 	  79.0186; 	    395; 	  0.2; 	20.00; 	"";
275; 	  86.8840; 	    261; 	  0.1; 	20.00; 	"";
276; 	  89.0365; 	    104; 	  0.1; 	20.00; 	"";
277; 	  92.0259; 	  21350; 	 11.5; 	20.00; 	"11.50";
278; 	  93.0314; 	   1294; 	  0.7; 	20.00; 	"";
279; 	 102.8164; 	    148; 	  0.1; 	20.00; 	"";
280; 	 103.0537; 	    116; 	  0.1; 	20.00; 	"";
281; 	 120.0491; 	    114; 	  0.1; 	20.00; 	"";
282; 	 121.0469; 	    212; 	  0.1; 	20.00; 	"";
283; 	 122.0222; 	    483; 	  0.3; 	20.00; 	"";
284; 	 127.0578; 	    117; 	  0.1; 	20.00; 	"";
285; 	 132.9349; 	    101; 	  0.1; 	20.00; 	"";
286; 	 152.8700; 	    264; 	  0.1; 	20.00; 	"";
287; 	 220.3768; 	    257; 	  0.1; 	20.00; 	"";
288; 	 231.8676; 	    265; 	  0.1; 	20.00; 	"";
289; 	 238.4995; 	    134; 	  0.1; 	20.00; 	"";
290; 	 245.4312; 	    190; 	  0.1; 	20.00; 	"";
291; 	 357.7286; 	    210; 	  0.1; 	20.00; 	"";
292; 	 358.5149; 	    275; 	  0.1; 	20.00; 	"";
293; 	 491.6903; 	    271; 	  0.1; 	20.00; 	"";
294; 	 618.9238; 	    132; 	  0.1; 	20.00; 	"";
295; 	 664.3524; 	    258; 	  0.1; 	20.00; 	"";
296; 	  25.4139; 	    257; 	  0.2; 	40.00; 	"";
297; 	  38.0167; 	    514; 	  0.4; 	40.00; 	"";
298; 	  38.5952; 	    257; 	  0.2; 	40.00; 	"";
299; 	  39.0238; 	   1793; 	  1.5; 	40.00; 	"";
300; 	  42.2470; 	    271; 	  0.2; 	40.00; 	"";
301; 	  42.4023; 	    259; 	  0.2; 	40.00; 	"";
302; 	  42.7110; 	    149; 	  0.1; 	40.00; 	"";
303; 	  44.2437; 	    262; 	  0.2; 	40.00; 	"";
304; 	  47.4641; 	    107; 	  0.1; 	40.00; 	"";
305; 	  48.8624; 	    180; 	  0.2; 	40.00; 	"";
306; 	  50.0160; 	  23095; 	 19.5; 	40.00; 	"19.50";
307; 	  51.0198; 	   2056; 	  1.7; 	40.00; 	"";
308; 	  53.0013; 	   1180; 	  1.0; 	40.00; 	"";
309; 	  61.0077; 	    115; 	  0.1; 	40.00; 	"";
310; 	  62.0150; 	    548; 	  0.5; 	40.00; 	"";
311; 	  63.0254; 	  18438; 	 15.5; 	40.00; 	"15.50";
312; 	  64.0315; 	   1393; 	  1.2; 	40.00; 	"";
313; 	  65.0363; 	    533; 	  0.4; 	40.00; 	"";
314; 	  66.0081; 	    271; 	  0.2; 	40.00; 	"";
315; 	  73.0081; 	    403; 	  0.3; 	40.00; 	"";
316; 	  74.0154; 	  48537; 	 40.9; 	40.00; 	"40.90";
317; 	  74.0914; 	    107; 	  0.1; 	40.00; 	"";
318; 	  74.3058; 	    256; 	  0.2; 	40.00; 	"";
319; 	  75.0236; 	 118704; 	100.0; 	40.00; 	"100.00";
320; 	  76.0271; 	  15477; 	 13.0; 	40.00; 	"13.00";
321; 	  77.0357; 	    774; 	  0.7; 	40.00; 	"";
322; 	  91.0228; 	    116; 	  0.1; 	40.00; 	"";
323; 	  97.2212; 	    260; 	  0.2; 	40.00; 	"";
324; 	 102.0450; 	    155; 	  0.1; 	40.00; 	"";
325; 	 106.7678; 	    228; 	  0.2; 	40.00; 	"";
326; 	 108.9565; 	    286; 	  0.2; 	40.00; 	"";
327; 	 112.8011; 	    284; 	  0.2; 	40.00; 	"";
328; 	 114.0410; 	    105; 	  0.1; 	40.00; 	"";
329; 	 129.0668; 	    143; 	  0.1; 	40.00; 	"";
330; 	 183.1366; 	    186; 	  0.2; 	40.00; 	"";
331; 	 288.0397; 	    268; 	  0.2; 	40.00; 	"";
332; 	 291.0064; 	    258; 	  0.2; 	40.00; 	"";
333; 	 298.2655; 	    283; 	  0.2; 	40.00; 	"";
334; 	 373.5608; 	    258; 	  0.2; 	40.00; 	"";
335; 	 390.6454; 	    148; 	  0.1; 	40.00; 	"";
336; 	 470.4701; 	    192; 	  0.2; 	40.00; 	"";
337; 	 495.2946; 	    269; 	  0.2; 	40.00; 	"";
338; 	 683.2147; 	    268; 	  0.2; 	40.00; 	"";
