  0; 	  32.6563; 	    271; 	  0.9; 	 0.00; 	"";
  1; 	  73.1662; 	    126; 	  0.4; 	 0.00; 	"";
  2; 	  74.0143; 	    158; 	  0.5; 	 0.00; 	"";
  3; 	  75.0254; 	    166; 	  0.5; 	 0.00; 	"";
  4; 	  86.8345; 	    111; 	  0.4; 	 0.00; 	"";
  5; 	  88.5882; 	    170; 	  0.6; 	 0.00; 	"";
  6; 	  92.0241; 	    716; 	  2.4; 	 0.00; 	"";
  7; 	 122.0226; 	  14080; 	 46.3; 	 0.00; 	"46.30";
  8; 	 123.0307; 	    522; 	  1.7; 	 0.00; 	"";
  9; 	 150.0296; 	  30433; 	100.0; 	 0.00; 	"100.00";
 10; 	 150.3423; 	    112; 	  0.4; 	 0.00; 	"";
 11; 	 151.0328; 	   2049; 	  6.7; 	 0.00; 	"";
 12; 	 177.5551; 	    101; 	  0.3; 	 0.00; 	"";
 13; 	 322.0494; 	    561; 	  1.8; 	 0.00; 	"";
 14; 	 415.0472; 	    108; 	  0.4; 	 0.00; 	"";
 15; 	 462.0932; 	    276; 	  0.9; 	 0.00; 	"";
 16; 	 471.0686; 	  10054; 	 33.0; 	 0.00; 	"33.00";
 17; 	 472.0770; 	   2218; 	  7.3; 	 0.00; 	"";
 18; 	 473.0713; 	    947; 	  3.1; 	 0.00; 	"";
 19; 	 491.5605; 	    261; 	  0.9; 	 0.00; 	"";
 20; 	 680.3274; 	    244; 	  0.8; 	 0.00; 	"";
 21; 	 689.1811; 	    102; 	  0.3; 	 0.00; 	"";
 22; 	  26.6463; 	    190; 	  0.6; 	 0.01; 	"";
 23; 	  28.5429; 	    121; 	  0.4; 	 0.01; 	"";
 24; 	  39.2500; 	    258; 	  0.9; 	 0.01; 	"";
 25; 	  74.0940; 	    149; 	  0.5; 	 0.01; 	"";
 26; 	  75.0442; 	    152; 	  0.5; 	 0.01; 	"";
 27; 	  92.0258; 	    317; 	  1.1; 	 0.01; 	"";
 28; 	 121.0329; 	    105; 	  0.4; 	 0.01; 	"";
 29; 	 122.0232; 	  14679; 	 49.3; 	 0.01; 	"49.30";
 30; 	 123.0323; 	    913; 	  3.1; 	 0.01; 	"";
 31; 	 150.0279; 	  29791; 	100.0; 	 0.01; 	"100.00";
 32; 	 151.0342; 	   1572; 	  5.3; 	 0.01; 	"";
 33; 	 241.3697; 	    266; 	  0.9; 	 0.01; 	"";
 34; 	 244.9069; 	    100; 	  0.3; 	 0.01; 	"";
 35; 	 321.8675; 	    115; 	  0.4; 	 0.01; 	"";
 36; 	 343.7606; 	    179; 	  0.6; 	 0.01; 	"";
 37; 	 347.6494; 	    152; 	  0.5; 	 0.01; 	"";
 38; 	 389.7697; 	    264; 	  0.9; 	 0.01; 	"";
 39; 	 471.0699; 	   9708; 	 32.6; 	 0.01; 	"32.60";
 40; 	 472.0776; 	   2231; 	  7.5; 	 0.01; 	"";
 41; 	 473.0327; 	    419; 	  1.4; 	 0.01; 	"";
 42; 	 478.9683; 	    150; 	  0.5; 	 0.01; 	"";
 43; 	 483.1294; 	    112; 	  0.4; 	 0.01; 	"";
 44; 	 533.5444; 	    271; 	  0.9; 	 0.01; 	"";
 45; 	  48.7013; 	    259; 	  0.8; 	 0.10; 	"";
 46; 	  56.0457; 	    258; 	  0.8; 	 0.10; 	"";
 47; 	  74.0963; 	    224; 	  0.7; 	 0.10; 	"";
 48; 	  75.0246; 	    510; 	  1.5; 	 0.10; 	"";
 49; 	  86.0116; 	    101; 	  0.3; 	 0.10; 	"";
 50; 	  87.2973; 	    256; 	  0.8; 	 0.10; 	"";
 51; 	  92.0261; 	    447; 	  1.3; 	 0.10; 	"";
 52; 	  93.0235; 	    109; 	  0.3; 	 0.10; 	"";
 53; 	 104.6700; 	    256; 	  0.8; 	 0.10; 	"";
 54; 	 122.0245; 	  15479; 	 46.1; 	 0.10; 	"46.10";
 55; 	 123.0279; 	    768; 	  2.3; 	 0.10; 	"";
 56; 	 149.0347; 	    163; 	  0.5; 	 0.10; 	"";
 57; 	 150.0301; 	  33556; 	100.0; 	 0.10; 	"100.00";
 58; 	 151.0309; 	   2687; 	  8.0; 	 0.10; 	"";
 59; 	 152.0391; 	    219; 	  0.7; 	 0.10; 	"";
 60; 	 188.9982; 	    260; 	  0.8; 	 0.10; 	"";
 61; 	 224.1052; 	    238; 	  0.7; 	 0.10; 	"";
 62; 	 272.5810; 	    203; 	  0.6; 	 0.10; 	"";
 63; 	 283.8032; 	    257; 	  0.8; 	 0.10; 	"";
 64; 	 316.7872; 	    257; 	  0.8; 	 0.10; 	"";
 65; 	 322.0490; 	    519; 	  1.5; 	 0.10; 	"";
 66; 	 323.0490; 	    106; 	  0.3; 	 0.10; 	"";
 67; 	 365.1872; 	    113; 	  0.3; 	 0.10; 	"";
 68; 	 371.6559; 	    286; 	  0.9; 	 0.10; 	"";
 69; 	 425.0368; 	    266; 	  0.8; 	 0.10; 	"";
 70; 	 471.0726; 	  10794; 	 32.2; 	 0.10; 	"32.20";
 71; 	 472.0636; 	   2410; 	  7.2; 	 0.10; 	"";
 72; 	 473.2199; 	   1316; 	  3.9; 	 0.10; 	"";
 73; 	 474.0682; 	    116; 	  0.3; 	 0.10; 	"";
 74; 	 488.0180; 	    111; 	  0.3; 	 0.10; 	"";
 75; 	  29.9432; 	    112; 	  0.3; 	 1.00; 	"";
 76; 	  55.5408; 	    259; 	  0.6; 	 1.00; 	"";
 77; 	  64.0278; 	    106; 	  0.3; 	 1.00; 	"";
 78; 	  74.0960; 	    102; 	  0.3; 	 1.00; 	"";
 79; 	  75.0258; 	   1136; 	  2.8; 	 1.00; 	"";
 80; 	  92.0268; 	    514; 	  1.3; 	 1.00; 	"";
 81; 	  97.8633; 	    270; 	  0.7; 	 1.00; 	"";
 82; 	 122.0247; 	  19909; 	 48.8; 	 1.00; 	"48.80";
 83; 	 123.0277; 	   1646; 	  4.0; 	 1.00; 	"";
 84; 	 150.0313; 	  40818; 	100.0; 	 1.00; 	"100.00";
 85; 	 151.0314; 	   2812; 	  6.9; 	 1.00; 	"";
 86; 	 171.0402; 	    265; 	  0.6; 	 1.00; 	"";
 87; 	 275.0387; 	    113; 	  0.3; 	 1.00; 	"";
 88; 	 322.0516; 	    257; 	  0.6; 	 1.00; 	"";
 89; 	 382.2363; 	    145; 	  0.4; 	 1.00; 	"";
 90; 	 462.0801; 	    231; 	  0.6; 	 1.00; 	"";
 91; 	 463.0785; 	    265; 	  0.6; 	 1.00; 	"";
 92; 	 469.3303; 	    101; 	  0.2; 	 1.00; 	"";
 93; 	 470.3596; 	    128; 	  0.3; 	 1.00; 	"";
 94; 	 471.0690; 	   7049; 	 17.3; 	 1.00; 	"17.30";
 95; 	 472.0725; 	   1574; 	  3.9; 	 1.00; 	"";
 96; 	 473.0724; 	    274; 	  0.7; 	 1.00; 	"";
 97; 	 544.3370; 	    172; 	  0.4; 	 1.00; 	"";
 98; 	 671.3226; 	    266; 	  0.7; 	 1.00; 	"";
 99; 	 677.4135; 	    236; 	  0.6; 	 1.00; 	"";
100; 	  42.5328; 	    208; 	  0.5; 	10.00; 	"";
101; 	  74.0159; 	    101; 	  0.2; 	10.00; 	"";
102; 	  74.0991; 	   1512; 	  3.6; 	10.00; 	"";
103; 	  75.0249; 	    826; 	  2.0; 	10.00; 	"";
104; 	  77.0198; 	    129; 	  0.3; 	10.00; 	"";
105; 	  79.0567; 	    106; 	  0.3; 	10.00; 	"";
106; 	  91.0540; 	    263; 	  0.6; 	10.00; 	"";
107; 	  92.0271; 	   1424; 	  3.4; 	10.00; 	"";
108; 	 105.6995; 	    143; 	  0.3; 	10.00; 	"";
109; 	 110.4527; 	    108; 	  0.3; 	10.00; 	"";
110; 	 112.4715; 	    283; 	  0.7; 	10.00; 	"";
111; 	 121.0295; 	    107; 	  0.3; 	10.00; 	"";
112; 	 122.0227; 	  42014; 	100.0; 	10.00; 	"100.00";
113; 	 123.0265; 	   3019; 	  7.2; 	10.00; 	"";
114; 	 124.0297; 	    102; 	  0.2; 	10.00; 	"";
115; 	 140.8214; 	    177; 	  0.4; 	10.00; 	"";
116; 	 150.0293; 	  27697; 	 65.9; 	10.00; 	"65.90";
117; 	 151.0326; 	   1452; 	  3.5; 	10.00; 	"";
118; 	 182.8180; 	    211; 	  0.5; 	10.00; 	"";
119; 	 200.1040; 	    259; 	  0.6; 	10.00; 	"";
120; 	 203.0207; 	    255; 	  0.6; 	10.00; 	"";
121; 	 369.5589; 	    200; 	  0.5; 	10.00; 	"";
122; 	 410.9924; 	    449; 	  1.1; 	10.00; 	"";
123; 	 411.9888; 	    107; 	  0.3; 	10.00; 	"";
124; 	 414.9103; 	    106; 	  0.3; 	10.00; 	"";
125; 	 467.2325; 	    125; 	  0.3; 	10.00; 	"";
126; 	 482.2677; 	    104; 	  0.2; 	10.00; 	"";
127; 	 501.4921; 	    287; 	  0.7; 	10.00; 	"";
128; 	 622.4167; 	    151; 	  0.4; 	10.00; 	"";
129; 	  37.2338; 	    261; 	  0.5; 	20.00; 	"";
130; 	  39.0591; 	    108; 	  0.2; 	20.00; 	"";
131; 	  51.0220; 	    108; 	  0.2; 	20.00; 	"";
132; 	  71.0499; 	    101; 	  0.2; 	20.00; 	"";
133; 	  74.0839; 	   1139; 	  2.3; 	20.00; 	"";
134; 	  75.0246; 	   3109; 	  6.3; 	20.00; 	"";
135; 	  76.0257; 	    371; 	  0.8; 	20.00; 	"";
136; 	  92.0260; 	   5034; 	 10.2; 	20.00; 	"10.20";
137; 	 103.3238; 	    262; 	  0.5; 	20.00; 	"";
138; 	 122.0252; 	  49232; 	100.0; 	20.00; 	"100.00";
139; 	 122.1862; 	    197; 	  0.4; 	20.00; 	"";
140; 	 123.1163; 	   3925; 	  8.0; 	20.00; 	"";
141; 	 124.0253; 	    105; 	  0.2; 	20.00; 	"";
142; 	 150.0296; 	   5193; 	 10.5; 	20.00; 	"10.50";
143; 	 216.9978; 	    906; 	  1.8; 	20.00; 	"";
144; 	 218.9822; 	    122; 	  0.2; 	20.00; 	"";
145; 	 242.2881; 	    128; 	  0.3; 	20.00; 	"";
146; 	 404.9754; 	    114; 	  0.2; 	20.00; 	"";
147; 	 420.9574; 	    121; 	  0.2; 	20.00; 	"";
148; 	 466.1914; 	    126; 	  0.3; 	20.00; 	"";
149; 	 482.2542; 	    101; 	  0.2; 	20.00; 	"";
150; 	  39.0259; 	    347; 	  1.6; 	40.00; 	"";
151; 	  39.0930; 	    359; 	  1.6; 	40.00; 	"";
152; 	  40.3671; 	    268; 	  1.2; 	40.00; 	"";
153; 	  43.0195; 	    100; 	  0.5; 	40.00; 	"";
154; 	  51.0255; 	    330; 	  1.5; 	40.00; 	"";
155; 	  51.1010; 	    521; 	  2.4; 	40.00; 	"";
156; 	  52.0214; 	    311; 	  1.4; 	40.00; 	"";
157; 	  63.0250; 	    265; 	  1.2; 	40.00; 	"";
158; 	  63.7461; 	    107; 	  0.5; 	40.00; 	"";
159; 	  64.0344; 	    933; 	  4.3; 	40.00; 	"";
160; 	  64.1132; 	    373; 	  1.7; 	40.00; 	"";
161; 	  65.0381; 	    122; 	  0.6; 	40.00; 	"";
162; 	  65.1244; 	    120; 	  0.5; 	40.00; 	"";
163; 	  74.0176; 	    192; 	  0.9; 	40.00; 	"";
164; 	  74.1001; 	    255; 	  1.2; 	40.00; 	"";
165; 	  75.0257; 	  12328; 	 56.3; 	40.00; 	"56.30";
166; 	  75.1125; 	   3867; 	 17.7; 	40.00; 	"17.70";
167; 	  76.0296; 	   1361; 	  6.2; 	40.00; 	"";
168; 	  76.1147; 	    448; 	  2.0; 	40.00; 	"";
169; 	  92.0277; 	   8392; 	 38.3; 	40.00; 	"38.30";
170; 	  92.1199; 	   6034; 	 27.6; 	40.00; 	"27.60";
171; 	  93.0294; 	    390; 	  1.8; 	40.00; 	"";
172; 	 122.1234; 	  21898; 	100.0; 	40.00; 	"100.00";
173; 	 123.1265; 	   1629; 	  7.4; 	40.00; 	"";
174; 	 147.4640; 	    258; 	  1.2; 	40.00; 	"";
175; 	 180.9154; 	    144; 	  0.7; 	40.00; 	"";
176; 	 214.0791; 	    105; 	  0.5; 	40.00; 	"";
177; 	 281.0849; 	    107; 	  0.5; 	40.00; 	"";
178; 	 692.6482; 	    215; 	  1.0; 	40.00; 	"";
