  0; 	  22.0770; 	    256; 	 56.3; 	 0.00; 	"56.30";
  1; 	  41.1287; 	    257; 	 19.9; 	 0.00; 	"19.90";
  2; 	  43.0021; 	    268; 	 20.7; 	 0.00; 	"20.70";
  3; 	  44.3819; 	    141; 	 30.9; 	 0.00; 	"30.90";
  4; 	  47.2351; 	    267; 	 20.7; 	 0.00; 	"20.70";
  5; 	  75.0218; 	    106; 	  8.2; 	 0.00; 	"";
  6; 	  86.4739; 	    267; 	 58.7; 	 0.00; 	"58.70";
  7; 	  92.0481; 	    106; 	 23.4; 	 0.00; 	"23.40";
  8; 	 116.0449; 	    126; 	  9.8; 	 0.00; 	"";
  9; 	 122.0228; 	    695; 	 53.8; 	 0.00; 	"53.80";
 10; 	 122.0342; 	    275; 	 60.5; 	 0.00; 	"60.50";
 11; 	 131.6871; 	    268; 	 20.7; 	 0.00; 	"20.70";
 12; 	 142.5431; 	    117; 	 25.7; 	 0.00; 	"25.70";
 13; 	 148.0316; 	    455; 	100.0; 	 0.00; 	"100.00";
 14; 	 148.0363; 	   1292; 	100.0; 	 0.00; 	"100.00";
 15; 	 149.0212; 	    254; 	 19.6; 	 0.00; 	"19.60";
 16; 	 150.0300; 	    219; 	 16.9; 	 0.00; 	"16.90";
 17; 	 152.0532; 	    111; 	 24.5; 	 0.00; 	"24.50";
 18; 	 153.0686; 	    129; 	 28.3; 	 0.00; 	"28.30";
 19; 	 155.0461; 	    104; 	  8.1; 	 0.00; 	"";
 20; 	 156.0945; 	    118; 	  9.1; 	 0.00; 	"";
 21; 	 157.0244; 	    308; 	 23.9; 	 0.00; 	"23.90";
 22; 	 164.0266; 	    131; 	 10.2; 	 0.00; 	"10.20";
 23; 	 167.9271; 	    135; 	 10.4; 	 0.00; 	"10.40";
 24; 	 313.4402; 	    253; 	 19.6; 	 0.00; 	"19.60";
 25; 	 324.0600; 	    112; 	 24.6; 	 0.00; 	"24.60";
 26; 	 424.9600; 	    272; 	 59.8; 	 0.00; 	"59.80";
 27; 	 438.1633; 	    274; 	 21.2; 	 0.00; 	"21.20";
 28; 	 508.2568; 	    274; 	 21.2; 	 0.00; 	"21.20";
 29; 	 512.8413; 	    258; 	 20.0; 	 0.00; 	"20.00";
 30; 	 562.0167; 	    120; 	  9.3; 	 0.00; 	"";
 31; 	 566.3086; 	    135; 	 10.4; 	 0.00; 	"10.40";
 32; 	  29.9739; 	    110; 	 39.5; 	 0.01; 	"39.50";
 33; 	  95.8557; 	    165; 	 59.5; 	 0.01; 	"59.50";
 34; 	 122.0137; 	    251; 	 90.6; 	 0.01; 	"90.60";
 35; 	 148.0388; 	    311; 	100.0; 	 0.01; 	"100.00";
 36; 	 148.1094; 	    234; 	 84.3; 	 0.01; 	"84.30";
 37; 	 149.0204; 	    122; 	 43.8; 	 0.01; 	"43.80";
 38; 	 149.0440; 	    111; 	 35.8; 	 0.01; 	"35.80";
 39; 	 152.0555; 	    109; 	 39.2; 	 0.01; 	"39.20";
 40; 	 329.8738; 	    261; 	 94.2; 	 0.01; 	"94.20";
 41; 	 523.1393; 	    278; 	100.0; 	 0.01; 	"100.00";
 42; 	 659.6346; 	    257; 	 92.6; 	 0.01; 	"92.60";
 43; 	  32.2144; 	    112; 	  9.6; 	 0.10; 	"";
 44; 	  33.6630; 	    263; 	 13.1; 	 0.10; 	"13.10";
 45; 	  55.0378; 	    273; 	 13.5; 	 0.10; 	"13.50";
 46; 	  62.7669; 	    280; 	 24.2; 	 0.10; 	"24.20";
 47; 	  70.2145; 	    268; 	 13.3; 	 0.10; 	"13.30";
 48; 	  75.0194; 	    108; 	  5.4; 	 0.10; 	"";
 49; 	  85.0498; 	    180; 	  8.9; 	 0.10; 	"";
 50; 	  92.0486; 	    241; 	 20.8; 	 0.10; 	"20.80";
 51; 	 108.4820; 	    163; 	 14.0; 	 0.10; 	"14.00";
 52; 	 116.0559; 	    129; 	  6.4; 	 0.10; 	"";
 53; 	 120.0382; 	    377; 	 18.7; 	 0.10; 	"18.70";
 54; 	 122.0223; 	   1004; 	 49.8; 	 0.10; 	"49.80";
 55; 	 122.0239; 	    111; 	  9.6; 	 0.10; 	"";
 56; 	 125.8107; 	    144; 	  7.2; 	 0.10; 	"";
 57; 	 148.0358; 	   1159; 	100.0; 	 0.10; 	"100.00";
 58; 	 148.0444; 	   2016; 	100.0; 	 0.10; 	"100.00";
 59; 	 149.0415; 	    100; 	  8.6; 	 0.10; 	"";
 60; 	 152.0612; 	    315; 	 27.1; 	 0.10; 	"27.10";
 61; 	 157.0294; 	    239; 	 11.9; 	 0.10; 	"11.90";
 62; 	 157.1845; 	    145; 	 12.5; 	 0.10; 	"12.50";
 63; 	 161.1215; 	    126; 	 10.9; 	 0.10; 	"10.90";
 64; 	 224.5464; 	    262; 	 13.0; 	 0.10; 	"13.00";
 65; 	 229.2548; 	    268; 	 23.2; 	 0.10; 	"23.20";
 66; 	 233.6263; 	    220; 	 10.9; 	 0.10; 	"10.90";
 67; 	 303.8874; 	    147; 	 12.7; 	 0.10; 	"12.70";
 68; 	 416.8713; 	    225; 	 11.1; 	 0.10; 	"11.10";
 69; 	 423.7165; 	    236; 	 20.4; 	 0.10; 	"20.40";
 70; 	 429.8391; 	    129; 	  6.4; 	 0.10; 	"";
 71; 	 449.2418; 	    269; 	 13.4; 	 0.10; 	"13.40";
 72; 	 528.9181; 	    103; 	  8.9; 	 0.10; 	"";
 73; 	 607.9865; 	    262; 	 22.6; 	 0.10; 	"22.60";
 74; 	 637.7025; 	    226; 	 11.2; 	 0.10; 	"11.20";
 75; 	  68.3088; 	    100; 	 13.3; 	 1.00; 	"13.30";
 76; 	 116.0511; 	    125; 	 16.7; 	 1.00; 	"16.70";
 77; 	 122.0225; 	    752; 	100.0; 	 1.00; 	"100.00";
 78; 	 123.0247; 	    121; 	 16.1; 	 1.00; 	"16.10";
 79; 	 148.0373; 	    433; 	 57.6; 	 1.00; 	"57.60";
 80; 	 152.0583; 	    231; 	 30.7; 	 1.00; 	"30.70";
 81; 	 154.0617; 	    112; 	 14.9; 	 1.00; 	"14.90";
 82; 	 156.0591; 	    104; 	 13.8; 	 1.00; 	"13.80";
 83; 	 160.0365; 	    103; 	 13.7; 	 1.00; 	"13.70";
 84; 	 305.8661; 	    123; 	 16.4; 	 1.00; 	"16.40";
 85; 	 341.2288; 	    101; 	 13.4; 	 1.00; 	"13.40";
 86; 	 353.8477; 	    114; 	 15.2; 	 1.00; 	"15.20";
 87; 	 637.1515; 	    265; 	 35.3; 	 1.00; 	"35.30";
 88; 	  22.5810; 	    112; 	 30.0; 	10.00; 	"30.00";
 89; 	  32.7814; 	    258; 	 69.3; 	10.00; 	"69.30";
 90; 	  57.7238; 	    125; 	 33.6; 	10.00; 	"33.60";
 91; 	  75.0251; 	    101; 	 27.3; 	10.00; 	"27.30";
 92; 	  76.0316; 	    130; 	 35.0; 	10.00; 	"35.00";
 93; 	  92.0508; 	    240; 	 64.5; 	10.00; 	"64.50";
 94; 	 107.0146; 	    134; 	 36.1; 	10.00; 	"36.10";
 95; 	 120.0424; 	    109; 	 29.4; 	10.00; 	"29.40";
 96; 	 123.0754; 	    105; 	 28.2; 	10.00; 	"28.20";
 97; 	 152.0635; 	    107; 	 28.9; 	10.00; 	"28.90";
 98; 	 221.4379; 	    372; 	100.0; 	10.00; 	"100.00";
 99; 	 260.9012; 	    235; 	 63.3; 	10.00; 	"63.30";
100; 	 477.3919; 	    143; 	 38.5; 	10.00; 	"38.50";
101; 	 497.4143; 	    225; 	 60.5; 	10.00; 	"60.50";
102; 	 673.0281; 	    281; 	 75.6; 	10.00; 	"75.60";
103; 	 698.5376; 	    125; 	 33.7; 	10.00; 	"33.70";
104; 	  25.0232; 	    172; 	 40.6; 	20.00; 	"40.60";
105; 	  27.4328; 	    141; 	 33.4; 	20.00; 	"33.40";
106; 	  51.0265; 	    319; 	 75.3; 	20.00; 	"75.30";
107; 	  53.3020; 	    265; 	 62.5; 	20.00; 	"62.50";
108; 	  55.0506; 	    107; 	 25.3; 	20.00; 	"25.30";
109; 	  75.0438; 	    424; 	100.0; 	20.00; 	"100.00";
110; 	 120.0474; 	    106; 	 25.0; 	20.00; 	"25.00";
111; 	 152.0573; 	    249; 	 58.8; 	20.00; 	"58.80";
112; 	 187.2552; 	    267; 	 63.0; 	20.00; 	"63.00";
113; 	 193.3689; 	    145; 	 34.2; 	20.00; 	"34.20";
114; 	 449.2210; 	    237; 	 55.9; 	20.00; 	"55.90";
115; 	 555.1107; 	    232; 	 54.7; 	20.00; 	"54.70";
116; 	  51.0253; 	    425; 	 98.5; 	40.00; 	"98.50";
117; 	  74.0134; 	    117; 	 27.0; 	40.00; 	"27.00";
118; 	  75.0259; 	    432; 	100.0; 	40.00; 	"100.00";
119; 	 116.0518; 	    121; 	 28.0; 	40.00; 	"28.00";
120; 	 124.0790; 	    265; 	 61.4; 	40.00; 	"61.40";
121; 	 182.4117; 	    115; 	 26.6; 	40.00; 	"26.60";
122; 	 185.0116; 	    255; 	 59.1; 	40.00; 	"59.10";
123; 	 211.8745; 	    261; 	 60.4; 	40.00; 	"60.40";
124; 	 247.9620; 	    128; 	 29.7; 	40.00; 	"29.70";
125; 	 375.5669; 	    210; 	 48.6; 	40.00; 	"48.60";
126; 	 470.7734; 	    256; 	 59.3; 	40.00; 	"59.30";
127; 	 540.2673; 	    265; 	 61.4; 	40.00; 	"61.40";
128; 	 608.9203; 	    259; 	 60.0; 	40.00; 	"60.00";
129; 	 633.1017; 	    266; 	 61.6; 	40.00; 	"61.60";
